<svg xmlns="http://www.w3.org/2000/svg" width="1400" height="1400" viewBox="0 0 1400 1400" role="img" aria-label="Queensland basins">
<rect width="100%" height="100%" fill="white"/>
<g fill="none" stroke="#ff0000" stroke-opacity="0.65" stroke-width="0.9" stroke-linejoin="round">
<polygon points="628.03,209.85 620.60,219.66 613.47,221.50 610.34,224.93 607.01,223.71 602.16,225.49 595.59,238.91 589.07,246.09 584.31,244.87 576.97,239.09 572.75,228.85 570.04,230.02 568.31,228.42 561.51,241.09 557.95,259.49 558.60,264.63 562.87,269.86 567.35,271.01 568.62,268.21 571.40,269.72 595.98,255.07 607.13,258.19 613.67,257.42 616.72,260.08 621.96,259.73 623.56,261.98 626.20,260.75 631.45,267.68 637.73,264.54 642.89,267.70 652.10,269.01 657.09,275.22 666.74,270.11 669.08,265.13 674.77,260.48 673.91,256.38 676.47,253.03 676.58,244.58 673.87,235.26 678.97,226.21 677.57,223.56 674.61,223.27 676.34,215.49 670.17,216.02 667.26,219.27 662.53,217.49 660.24,220.50 655.87,219.24 651.50,221.83 645.32,218.53 642.86,211.00 631.81,208.26 627.96,209.81 628.03,209.85"><title>Archer</title><desc>Archer | 922 | 13871.52 sq km</desc></polygon>
<polygon points="1187.59,904.20 1186.08,909.34 1181.03,909.87 1186.92,919.43 1184.28,921.45 1184.99,926.68 1189.70,928.94 1188.69,932.55 1192.26,936.66 1191.32,941.31 1196.31,942.04 1197.11,939.92 1204.48,938.64 1205.23,942.42 1210.97,947.61 1218.68,941.91 1220.95,948.03 1233.34,939.43 1225.06,930.33 1221.57,930.13 1224.63,930.01 1221.22,925.31 1217.54,912.79 1213.91,907.08 1212.05,910.48 1213.08,908.43 1207.58,905.35 1206.30,898.68 1204.62,897.91 1203.51,902.64 1202.55,900.15 1204.13,899.11 1196.67,896.37 1196.15,898.25 1201.13,901.01 1200.86,904.48 1194.22,899.96 1193.61,904.14 1189.27,900.29 1189.17,902.33 1186.87,901.95 1186.05,899.37 1186.00,902.24 1187.59,904.20"><title>Baffle</title><desc>Baffle | 134 | 4004.42 sq km</desc></polygon>
<polygon points="972.01,954.92 966.07,953.04 953.07,962.64 951.44,966.50 953.69,970.44 952.96,973.17 937.34,984.51 935.58,995.64 930.71,998.00 928.19,1005.60 921.65,1008.50 923.19,1017.71 935.11,1023.11 934.95,1032.06 930.54,1035.35 930.98,1040.32 926.30,1042.80 924.78,1050.56 917.67,1055.78 913.53,1056.03 910.71,1063.20 907.81,1064.89 904.22,1064.16 902.71,1061.61 899.86,1066.35 893.43,1063.02 888.49,1063.85 881.51,1069.18 869.45,1072.17 871.96,1074.26 870.53,1079.16 861.35,1086.57 861.51,1091.36 855.31,1092.42 855.28,1096.00 850.19,1095.91 846.83,1099.64 845.34,1103.28 847.45,1114.21 835.85,1119.77 833.34,1131.04 829.24,1137.95 830.26,1143.71 835.07,1147.33 834.42,1162.41 837.77,1174.51 846.70,1185.67 851.92,1188.30 855.35,1192.76 849.15,1207.09 851.31,1212.43 857.36,1212.54 858.82,1216.51 869.76,1220.95 872.79,1226.33 878.42,1226.88 883.23,1238.33 885.70,1238.46 883.97,1233.11 886.44,1229.20 889.88,1230.09 889.84,1233.15 892.00,1234.16 900.22,1228.20 912.93,1212.42 1003.23,1212.42 1001.82,1208.70 1011.70,1203.38 1007.76,1194.70 1010.10,1189.87 1007.35,1182.82 1011.97,1178.20 1011.50,1166.11 1013.94,1164.71 1020.60,1149.43 1022.82,1140.46 1021.13,1135.74 1026.98,1133.70 1030.34,1124.92 1036.13,1126.73 1035.01,1128.84 1036.76,1130.13 1043.49,1126.85 1048.95,1118.16 1050.65,1111.51 1061.83,1111.80 1062.78,1115.26 1070.15,1117.00 1074.57,1114.90 1073.91,1118.96 1095.24,1119.75 1114.84,1116.69 1131.42,1106.95 1137.48,1107.40 1146.12,1104.09 1148.48,1107.39 1145.49,1113.53 1148.29,1120.89 1153.26,1123.73 1160.01,1122.28 1163.93,1123.63 1163.25,1133.21 1171.29,1145.29 1170.80,1147.90 1186.12,1156.13 1186.29,1159.89 1190.17,1165.83 1201.66,1169.04 1202.31,1173.94 1211.16,1179.04 1211.99,1181.35 1221.83,1182.65 1231.41,1176.73 1234.82,1177.78 1240.65,1172.37 1245.58,1172.64 1247.21,1168.29 1252.04,1164.76 1249.88,1163.50 1250.69,1161.82 1245.67,1153.18 1245.57,1147.83 1238.11,1147.51 1232.91,1144.77 1230.15,1138.40 1224.71,1137.77 1223.17,1134.43 1220.71,1134.65 1220.19,1127.55 1217.48,1126.41 1220.29,1123.32 1217.17,1116.50 1225.47,1109.22 1224.36,1105.97 1219.10,1101.62 1215.12,1102.16 1204.73,1091.09 1204.29,1087.41 1198.95,1081.05 1194.41,1078.91 1190.68,1071.87 1184.93,1070.76 1183.00,1063.80 1171.41,1055.72 1170.78,1051.89 1173.48,1049.34 1172.51,1044.52 1166.02,1042.84 1165.75,1039.05 1162.41,1037.87 1161.28,1034.89 1158.57,1036.03 1152.30,1034.40 1153.09,1036.53 1150.43,1040.20 1146.49,1037.55 1132.98,1041.01 1107.91,1031.87 1106.14,1033.90 1108.57,1035.53 1106.48,1038.41 1108.43,1039.47 1107.70,1042.85 1103.92,1043.50 1097.36,1049.21 1091.97,1050.34 1077.87,1048.15 1077.66,1043.80 1072.09,1046.43 1062.30,1043.01 1060.10,1044.36 1057.99,1041.00 1044.29,1043.66 1037.31,1040.72 1032.19,1042.89 1031.73,1039.14 1015.99,1033.63 1012.29,1025.26 999.61,1025.67 993.19,1023.84 984.96,1027.64 984.55,1020.87 986.96,1017.17 985.63,1008.87 989.41,1005.71 988.54,998.68 994.42,988.83 991.54,982.29 993.53,978.29 984.07,967.05 979.32,965.99 974.97,961.32 972.01,954.92 972.01,954.92"><title>Balonne-Condamine</title><desc>Balonne-Condamine | 422 | 137947.39 sq km</desc></polygon>
<polygon points="812.92,436.53 809.63,440.27 805.43,440.73 807.18,444.17 804.87,447.97 806.32,454.71 803.26,457.89 800.54,457.73 802.90,467.30 806.78,471.45 806.97,478.70 809.62,480.65 810.95,485.57 815.08,479.15 820.75,475.79 821.45,470.17 823.83,470.42 819.15,460.06 820.71,458.41 823.99,459.85 825.93,455.64 825.17,451.70 829.27,449.42 825.86,444.40 821.95,445.43 820.10,439.55 812.93,436.46 812.92,436.53"><title>Barron</title><desc>Barron | 110 | 2195.32 sq km</desc></polygon>
<polygon points="855.47,579.25 853.90,583.57 858.58,583.68 858.23,585.67 868.17,592.10 869.94,596.27 868.63,598.84 871.99,602.79 871.95,605.57 881.59,610.12 883.21,608.34 881.24,607.86 880.96,604.60 885.84,594.80 872.11,587.63 861.93,576.46 860.70,579.42 856.41,577.79 855.50,579.24 855.47,579.25"><title>Black</title><desc>Black | 117 | 1060.16 sq km</desc></polygon>
<polygon points="1111.77,1183.72 1108.54,1185.64 1104.77,1184.16 1096.23,1186.06 1093.71,1188.16 1077.61,1187.92 1076.51,1189.47 1069.25,1185.67 1063.92,1185.69 1060.73,1186.96 1056.61,1193.35 1050.94,1194.16 1043.49,1200.02 1059.69,1191.48 1070.29,1191.13 1071.02,1188.21 1075.01,1190.35 1098.66,1188.31 1103.81,1191.75 1108.03,1190.99 1111.68,1194.23 1115.25,1192.80 1116.96,1188.93 1124.30,1191.72 1123.95,1194.97 1128.94,1198.77 1131.28,1210.23 1128.09,1215.87 1135.54,1223.99 1140.52,1238.42 1145.01,1243.25 1157.57,1249.17 1155.79,1257.10 1161.77,1260.85 1163.49,1267.02 1171.31,1270.35 1178.30,1270.28 1186.01,1275.64 1195.61,1271.83 1200.47,1274.05 1201.03,1271.08 1206.43,1267.44 1209.86,1257.39 1213.93,1253.01 1219.42,1253.19 1220.49,1249.28 1225.13,1244.72 1224.45,1240.02 1221.27,1237.31 1228.42,1228.25 1227.93,1222.51 1225.02,1220.56 1226.29,1208.91 1222.53,1208.43 1220.85,1205.94 1215.83,1208.06 1211.71,1206.70 1210.47,1210.10 1206.99,1209.83 1203.44,1204.05 1192.42,1209.56 1186.54,1220.48 1182.90,1223.68 1179.38,1223.71 1175.69,1218.70 1175.46,1208.67 1164.62,1202.16 1160.94,1202.67 1158.73,1196.18 1142.50,1189.48 1134.98,1192.11 1123.13,1191.38 1117.26,1185.74 1111.85,1183.65 1111.77,1183.72"><title>Border Rivers 1</title><desc>Border Rivers 1 | 416 QLDNSW | 14560.06 sq km</desc></polygon>
<polygon points="1042.84,1200.39 1041.19,1200.26 1040.26,1202.11 1037.31,1202.52 1034.37,1209.52 1030.39,1211.11 1029.62,1212.36 1035.54,1210.37 1037.26,1207.41 1039.06,1206.99 1040.69,1202.51 1042.86,1200.39 1042.84,1200.39"><title>Border Rivers 2</title><desc>Border Rivers 2 | 416 QLDNSW | 82.66 sq km</desc></polygon>
<polygon points="1145.36,1122.42 1139.14,1120.93 1132.80,1122.62 1128.44,1127.27 1123.16,1127.97 1122.46,1131.03 1113.76,1132.57 1107.49,1140.51 1100.68,1141.04 1099.23,1148.56 1094.71,1149.31 1091.37,1145.82 1090.10,1148.11 1083.50,1148.04 1086.75,1155.55 1085.72,1158.04 1080.59,1155.09 1078.99,1150.83 1068.93,1150.86 1065.50,1161.24 1059.83,1167.59 1058.15,1168.99 1054.68,1167.92 1053.40,1171.02 1041.67,1175.43 1044.86,1178.58 1043.72,1181.06 1036.87,1182.69 1041.13,1186.50 1035.42,1188.76 1036.84,1193.21 1034.92,1197.14 1032.04,1199.89 1024.97,1201.01 1024.09,1208.09 1018.48,1208.88 1016.84,1212.42 1029.87,1212.26 1034.37,1209.52 1037.31,1202.52 1050.94,1194.16 1056.61,1193.35 1060.73,1186.96 1063.92,1185.69 1069.25,1185.67 1076.51,1189.47 1077.61,1187.92 1093.71,1188.16 1096.23,1186.06 1104.77,1184.16 1108.54,1185.64 1113.42,1183.34 1123.13,1191.38 1134.98,1192.11 1142.50,1189.48 1158.73,1196.18 1160.94,1202.67 1164.62,1202.16 1175.46,1208.67 1175.69,1218.70 1179.45,1223.72 1182.90,1223.68 1186.54,1220.48 1192.42,1209.56 1202.75,1204.33 1206.89,1209.78 1209.90,1210.20 1211.64,1206.72 1215.83,1208.06 1222.59,1205.52 1223.33,1197.25 1225.88,1194.12 1221.22,1190.48 1218.04,1181.50 1211.99,1181.35 1211.16,1179.04 1202.31,1173.94 1202.47,1169.76 1198.11,1166.95 1191.68,1167.03 1186.29,1159.89 1186.16,1156.17 1170.80,1147.90 1171.29,1145.29 1163.25,1133.21 1163.72,1123.44 1154.65,1122.37 1153.26,1123.73 1147.86,1119.81 1145.37,1122.41 1145.36,1122.42"><title>Border Rivers 3</title><desc>Border Rivers 3 | 416 | 24100.52 sq km</desc></polygon>
<polygon points="1174.10,887.40 1175.85,893.56 1173.22,900.78 1167.04,907.06 1156.28,910.02 1154.47,915.23 1161.72,924.57 1168.76,927.83 1167.74,933.83 1170.59,938.18 1177.04,939.84 1181.57,936.01 1183.71,936.38 1187.59,931.56 1189.36,932.33 1189.65,928.82 1184.99,926.68 1184.30,921.36 1187.07,919.94 1185.80,916.02 1183.48,915.20 1181.03,909.87 1186.08,909.34 1187.82,904.58 1184.64,900.73 1184.92,896.77 1178.52,889.74 1176.73,892.15 1176.94,888.74 1173.98,887.21 1174.10,887.40"><title>Boyne</title><desc>Boyne | 133 | 2595.69 sq km</desc></polygon>
<polygon points="1229.66,1054.81 1229.33,1063.86 1224.81,1065.16 1218.03,1070.95 1213.94,1079.14 1205.63,1083.26 1198.90,1081.44 1208.99,1096.03 1215.12,1102.16 1219.10,1101.62 1225.42,1108.22 1217.14,1116.63 1220.27,1123.21 1217.46,1126.33 1220.19,1127.55 1220.71,1134.65 1223.17,1134.43 1224.71,1137.77 1230.15,1138.40 1230.66,1141.62 1235.27,1146.30 1245.24,1147.45 1247.04,1156.67 1251.98,1162.95 1259.55,1149.23 1267.78,1144.77 1273.68,1135.96 1283.04,1132.86 1287.33,1125.11 1292.16,1124.15 1294.91,1113.58 1294.78,1111.81 1292.56,1113.05 1293.99,1110.08 1291.08,1112.94 1277.24,1113.76 1270.38,1111.69 1268.62,1105.32 1264.12,1103.72 1267.12,1093.38 1270.28,1091.46 1272.38,1085.90 1274.94,1085.59 1274.65,1082.63 1277.39,1082.02 1276.13,1080.33 1279.54,1075.22 1279.01,1072.82 1272.17,1072.57 1267.69,1077.22 1264.17,1076.61 1263.05,1072.26 1259.01,1071.39 1257.21,1068.49 1252.55,1071.30 1249.77,1065.18 1243.43,1061.45 1242.63,1053.55 1238.65,1052.09 1237.02,1054.18 1229.66,1054.81 1229.66,1054.81"><title>Brisbane</title><desc>Brisbane | 143 | 13574.46 sq km</desc></polygon>
<polygon points="771.44,958.05 771.68,954.43 767.82,954.01 765.49,949.12 758.89,945.66 753.80,960.41 756.63,968.99 751.01,983.21 735.65,995.49 731.55,1007.87 721.57,1006.85 720.90,1003.94 717.20,1004.63 718.31,1019.27 716.59,1024.16 718.52,1030.01 716.75,1036.77 718.75,1043.45 716.72,1044.20 719.04,1045.79 718.90,1049.74 723.49,1050.21 722.67,1054.35 714.21,1060.08 712.53,1068.65 702.13,1072.53 704.02,1086.33 691.14,1086.69 687.25,1091.88 688.08,1096.87 684.97,1102.38 686.32,1105.94 677.65,1110.51 678.78,1114.63 676.06,1117.59 669.96,1118.03 668.40,1120.49 671.43,1127.71 666.33,1134.90 666.83,1138.18 662.96,1139.25 659.74,1146.21 656.83,1146.00 646.17,1153.70 643.35,1152.79 634.48,1160.46 631.46,1157.86 616.75,1166.80 608.78,1168.83 608.17,1172.75 610.36,1176.72 602.03,1182.39 602.06,1187.04 594.07,1204.55 595.77,1205.72 594.96,1210.31 588.25,1212.25 588.21,1217.95 576.16,1218.00 571.00,1233.48 567.87,1236.74 567.98,1245.75 574.55,1245.82 577.28,1242.90 587.99,1244.36 592.34,1251.76 601.78,1249.35 603.24,1245.04 612.94,1245.26 623.20,1254.51 629.29,1275.12 633.20,1277.93 637.60,1285.68 643.50,1288.79 647.81,1288.58 648.80,1284.90 655.56,1284.12 673.88,1276.76 689.23,1279.03 690.75,1266.76 699.76,1256.47 701.60,1247.29 719.04,1232.95 718.89,1224.81 722.11,1216.99 718.32,1203.12 721.52,1194.03 717.72,1182.24 718.78,1174.69 714.89,1169.71 715.05,1165.72 719.91,1162.34 717.07,1157.76 718.70,1147.70 721.40,1147.87 725.32,1142.09 732.31,1141.23 730.86,1138.57 733.90,1136.13 732.79,1132.65 737.02,1132.74 739.61,1125.34 745.09,1122.21 752.67,1122.05 754.76,1115.27 749.92,1111.69 750.12,1104.60 759.55,1093.56 760.33,1086.80 763.55,1085.80 759.44,1083.03 759.34,1076.57 762.38,1072.99 769.06,1071.73 768.95,1062.53 771.95,1059.56 772.06,1054.69 770.02,1053.09 773.48,1051.07 773.70,1042.12 783.31,1038.95 784.97,1036.57 783.29,1034.44 786.85,1032.47 784.27,1024.07 789.34,1014.39 790.17,1003.26 795.01,999.69 795.25,995.89 800.85,993.82 806.61,996.01 812.25,989.95 810.63,985.96 814.07,980.43 811.43,975.54 804.61,977.32 805.73,973.99 803.52,970.84 787.42,970.47 786.76,965.13 788.37,962.88 780.79,960.86 773.94,963.01 771.43,958.10 771.44,958.05"><title>Bulloo</title><desc>Bulloo | 011 | 71721.57 sq km</desc></polygon>
<polygon points="774.16,532.22 772.37,534.47 766.80,535.37 764.80,541.62 760.68,545.35 756.85,558.81 756.81,569.93 754.81,570.18 753.18,573.92 756.47,576.67 762.25,577.26 761.45,581.49 764.28,584.84 763.58,588.92 765.81,591.81 761.96,594.58 761.83,599.44 754.45,607.92 751.00,607.22 750.01,610.75 742.03,614.25 739.86,620.00 734.56,619.35 731.88,620.96 733.66,624.28 731.94,625.55 733.10,632.99 737.67,640.01 743.05,641.91 744.57,644.37 751.44,642.60 756.27,644.04 757.15,641.06 761.11,639.71 766.34,640.91 768.02,646.83 765.35,648.61 767.92,650.79 767.64,654.76 777.49,662.02 775.50,663.04 775.57,666.08 778.85,669.14 787.70,672.83 789.00,681.32 786.25,686.40 790.43,688.74 793.84,695.60 793.84,699.93 802.46,705.42 802.70,711.60 797.69,718.83 802.03,728.52 804.73,730.51 808.00,729.64 809.91,733.56 818.37,736.77 816.93,729.43 824.69,719.07 836.67,728.92 838.60,732.76 843.65,735.10 847.04,742.74 850.79,745.34 849.52,756.64 841.65,764.17 838.33,766.46 833.40,765.76 828.10,760.10 821.74,770.09 826.80,777.03 840.04,777.61 842.81,775.97 843.84,782.80 850.20,787.41 848.89,796.93 850.46,799.86 848.54,801.70 846.50,812.38 849.07,816.70 850.01,829.10 854.89,834.03 854.13,840.55 852.34,841.44 855.75,844.38 851.93,849.99 855.59,850.40 857.78,853.10 855.26,859.23 860.95,869.65 859.49,874.08 863.02,879.34 865.07,879.44 865.24,881.85 868.50,881.96 867.57,884.18 871.12,892.42 866.77,904.93 869.22,908.79 865.66,913.86 870.04,919.82 879.35,925.66 879.39,923.61 886.61,921.35 893.19,923.85 894.64,921.30 897.39,921.16 900.74,918.00 903.54,908.13 917.64,903.40 918.98,900.06 916.59,896.24 921.46,891.53 921.43,885.63 918.83,883.26 918.69,873.08 920.06,869.38 924.14,867.65 922.03,863.28 924.83,854.99 922.55,846.54 926.26,837.59 930.67,832.88 928.96,829.42 929.45,822.93 933.26,819.14 933.14,812.85 942.89,812.44 951.17,804.70 953.02,805.98 955.35,804.08 958.00,805.69 963.07,804.57 965.71,806.48 973.14,800.63 972.52,795.91 964.91,792.15 962.97,782.47 955.88,773.90 955.66,764.40 961.13,759.45 957.71,758.02 956.88,755.07 965.26,751.67 967.67,746.20 973.27,742.48 974.22,737.38 978.41,737.89 977.82,735.67 979.69,734.83 988.43,735.03 989.66,733.21 994.72,732.86 998.83,726.00 1002.83,729.83 1005.04,720.01 1000.27,717.11 1006.88,709.80 1009.44,710.36 1009.34,705.50 1006.33,699.48 999.26,696.06 998.24,692.38 992.91,690.04 987.29,681.50 981.42,681.46 978.05,678.68 975.44,681.42 969.39,672.83 971.20,665.67 963.08,662.71 955.72,651.56 949.10,653.87 947.72,651.50 945.39,651.78 940.52,644.37 940.60,638.18 936.84,639.32 933.76,634.32 929.48,635.01 927.37,629.99 923.70,628.57 929.49,627.19 939.04,628.79 941.74,627.27 938.65,624.74 943.34,624.25 934.47,620.74 930.55,621.76 921.31,630.91 919.85,641.61 911.77,643.82 910.03,642.68 903.07,645.12 898.34,640.64 892.96,642.18 888.97,638.94 883.65,640.06 880.33,635.59 880.61,629.57 874.74,626.74 878.41,625.43 877.39,617.80 880.17,615.10 879.88,612.49 878.62,609.08 871.95,605.57 871.99,602.79 869.30,601.10 868.17,592.10 858.23,585.67 858.58,583.68 853.90,583.57 855.21,579.16 844.65,577.73 843.53,575.19 837.12,574.39 837.24,572.72 832.67,571.29 831.88,567.26 826.71,564.35 827.37,561.33 823.37,553.46 825.38,550.16 822.95,546.19 814.83,541.55 811.32,544.00 807.55,539.27 799.12,540.37 790.11,532.73 789.49,530.04 783.45,527.85 774.40,532.05 774.16,532.22"><title>Burdekin</title><desc>Burdekin | 120 | 130483.02 sq km</desc></polygon>
<polygon points="1161.10,922.88 1157.93,922.50 1156.59,934.03 1152.43,936.74 1150.31,941.51 1144.09,942.85 1136.19,941.27 1133.21,942.61 1130.94,947.05 1133.14,952.71 1129.85,954.78 1128.92,958.43 1130.78,960.32 1128.72,963.19 1130.75,965.26 1130.21,970.77 1124.92,972.77 1118.68,989.97 1123.80,1001.61 1121.85,1009.71 1118.60,1011.96 1120.61,1012.81 1121.05,1016.75 1117.18,1018.00 1114.43,1023.39 1116.46,1032.93 1114.90,1034.64 1133.68,1041.01 1146.49,1037.55 1150.43,1040.20 1153.09,1036.53 1152.30,1034.40 1158.57,1036.03 1161.17,1034.80 1162.41,1037.87 1165.75,1039.05 1166.02,1042.84 1172.51,1044.52 1173.48,1049.34 1170.78,1051.89 1171.21,1055.50 1183.00,1063.80 1184.93,1070.76 1190.68,1071.87 1194.43,1078.94 1203.25,1083.15 1209.38,1082.32 1213.94,1079.14 1218.03,1070.95 1224.81,1065.16 1229.33,1063.86 1229.59,1054.85 1237.02,1054.18 1238.65,1052.09 1240.98,1053.88 1244.42,1052.71 1246.82,1048.70 1246.88,1045.20 1242.18,1043.42 1240.62,1040.52 1236.45,1042.95 1229.86,1039.83 1227.03,1029.63 1234.04,1025.13 1233.99,1020.70 1231.74,1016.14 1229.12,1016.69 1228.29,1014.18 1223.96,1015.83 1223.52,1010.37 1219.83,1006.64 1223.77,999.36 1227.79,1000.18 1232.28,993.98 1229.87,991.94 1226.49,981.61 1225.53,974.51 1227.24,970.59 1230.97,967.67 1235.21,958.25 1247.92,952.33 1247.10,945.34 1244.13,943.64 1242.64,948.48 1234.53,949.21 1232.84,952.84 1224.45,955.99 1221.04,960.95 1214.80,961.92 1212.61,965.40 1207.93,964.98 1207.56,968.76 1204.96,967.52 1202.98,970.60 1202.45,966.49 1196.58,967.90 1192.54,966.35 1193.32,961.94 1191.06,958.23 1194.40,954.81 1192.77,950.30 1185.59,950.38 1185.61,948.30 1179.86,943.22 1180.86,940.39 1179.24,938.19 1176.95,939.86 1170.37,938.04 1167.74,933.83 1168.76,927.83 1165.27,927.59 1161.10,922.95 1161.10,922.88"><title>Burnett</title><desc>Burnett | 136 | 33281.33 sq km</desc></polygon>
<polygon points="1247.86,952.49 1235.21,958.25 1232.23,965.71 1226.47,972.17 1226.49,981.61 1230.12,992.29 1234.56,993.36 1237.62,990.66 1240.18,997.40 1248.14,996.11 1255.78,991.84 1259.51,986.16 1262.77,985.47 1268.94,979.18 1276.46,982.37 1279.20,987.61 1277.98,978.40 1273.69,978.10 1272.36,975.96 1270.12,977.55 1262.98,976.18 1259.79,972.10 1256.15,972.14 1254.79,974.49 1254.85,971.57 1260.99,970.26 1256.69,967.31 1252.43,960.33 1250.52,949.02 1247.12,945.42 1247.86,952.48 1247.86,952.49"><title>Burrum</title><desc>Burrum | 137 | 3365.71 sq km</desc></polygon>
<polygon points="1156.62,873.56 1158.44,885.37 1151.52,888.46 1148.74,895.78 1138.28,894.52 1140.73,906.29 1144.72,907.37 1145.93,911.32 1149.45,911.52 1154.23,915.37 1156.28,910.02 1160.33,907.85 1163.35,908.70 1170.93,903.76 1175.85,893.56 1173.89,886.99 1168.97,886.03 1167.67,880.57 1164.35,877.34 1165.83,877.08 1160.74,874.76 1159.73,870.72 1156.76,869.68 1156.62,873.56"><title>Calliope</title><desc>Calliope | 132 | 2241.18 sq km</desc></polygon>
<polygon points="566.04,284.75 561.58,298.71 565.66,322.05 570.37,331.45 569.02,336.35 573.41,342.67 585.55,343.46 596.83,335.79 601.35,334.87 607.43,329.21 619.51,326.23 638.68,328.90 640.48,327.38 647.22,329.94 655.99,327.75 665.20,330.10 666.58,328.55 672.95,331.08 683.58,325.15 682.87,320.47 679.12,317.76 680.70,310.88 684.93,305.19 683.95,299.96 680.13,298.46 683.77,292.11 680.11,292.14 677.52,286.50 668.00,287.88 662.21,294.50 658.68,295.62 657.54,299.43 652.77,295.29 647.86,303.72 643.54,305.21 639.67,303.04 637.00,303.85 628.98,296.34 622.05,293.22 613.94,295.56 608.71,300.26 594.38,300.29 582.40,294.89 578.96,289.71 568.78,286.76 566.21,284.11 566.04,284.75"><title>Coleman</title><desc>Coleman | 920 | 12907.96 sq km</desc></polygon>
<polygon points="778.37,668.46 774.58,673.75 771.46,672.86 764.23,679.82 760.72,686.35 756.36,689.18 756.43,691.49 750.05,693.06 749.71,703.60 746.34,704.48 746.22,710.40 740.75,712.29 740.26,717.18 724.86,720.26 719.20,726.02 713.20,727.87 710.04,726.81 698.30,732.76 694.43,731.59 690.88,741.85 700.13,756.34 697.38,759.91 696.55,778.91 707.25,788.47 705.12,788.92 701.44,795.25 698.63,795.75 692.49,810.31 682.51,815.36 676.62,814.06 671.01,821.27 659.64,825.20 652.23,821.40 649.91,815.99 630.14,816.71 624.92,827.36 626.43,833.45 633.48,840.85 632.08,842.66 633.33,847.96 636.69,856.42 639.05,857.61 637.25,861.45 643.72,864.11 639.62,868.87 643.26,872.83 643.18,876.27 638.68,881.04 638.68,883.89 635.29,885.53 643.40,901.09 642.17,903.55 637.64,904.45 632.23,914.04 628.71,916.19 632.06,925.35 623.86,934.32 616.72,937.75 608.62,936.90 605.05,942.59 601.35,941.79 595.93,947.23 595.05,950.97 596.59,950.95 598.20,956.65 593.74,960.75 593.91,964.02 587.62,965.00 583.16,970.11 584.60,972.97 582.43,975.52 582.85,982.12 575.91,991.96 567.87,997.92 565.37,995.44 557.72,993.60 549.38,997.91 550.39,1004.68 552.32,1006.28 549.18,1017.57 545.61,1020.53 545.99,1023.79 539.16,1033.66 538.29,1039.72 533.62,1041.11 533.99,1047.76 528.50,1046.99 528.49,1203.45 529.67,1200.87 532.90,1202.32 535.14,1212.42 593.92,1211.23 595.77,1205.72 594.07,1204.55 602.06,1187.04 602.03,1182.39 610.36,1176.72 608.17,1172.75 608.78,1168.83 616.75,1166.80 631.46,1157.86 634.48,1160.46 643.35,1152.79 646.17,1153.70 656.83,1146.00 659.82,1146.15 662.96,1139.25 666.83,1138.18 666.33,1134.90 671.23,1129.00 668.40,1120.66 669.84,1118.16 675.87,1117.74 678.78,1114.63 677.65,1110.51 686.40,1105.82 684.97,1102.38 688.08,1096.87 687.17,1092.07 690.59,1087.04 704.02,1086.33 702.13,1072.53 712.53,1068.65 714.21,1060.08 722.58,1054.44 723.59,1050.89 718.90,1049.74 719.04,1045.79 716.72,1044.20 718.75,1043.45 716.75,1036.77 718.52,1030.01 716.59,1024.16 718.31,1019.27 717.20,1004.63 720.90,1003.94 721.57,1006.85 731.55,1007.87 735.65,995.49 751.01,983.21 756.63,968.99 753.80,960.41 758.89,945.66 765.49,949.12 767.82,954.01 771.68,954.43 773.85,962.98 780.79,960.86 788.23,962.77 787.29,970.36 803.52,970.84 805.73,973.99 804.61,977.32 810.89,974.52 817.42,975.75 822.56,965.04 830.46,958.78 834.83,958.63 838.01,954.17 847.50,954.59 851.33,960.41 858.30,958.11 875.17,960.92 877.63,951.29 881.73,951.22 883.51,948.45 882.36,945.92 891.26,940.02 885.26,936.09 886.02,933.69 882.42,926.54 870.04,919.82 865.66,913.86 869.22,908.79 866.77,904.93 871.12,892.42 867.57,884.18 868.50,881.96 865.24,881.85 865.07,879.44 863.02,879.34 859.49,874.08 860.95,869.65 855.26,859.23 857.78,853.10 855.59,850.40 851.93,849.99 855.75,844.38 852.34,841.44 854.13,840.55 854.89,834.03 850.01,829.10 849.07,816.70 846.50,812.38 848.54,801.70 850.46,799.86 848.89,796.93 850.10,787.10 843.84,782.80 842.81,775.97 840.04,777.61 826.80,777.03 821.68,769.83 828.10,760.10 833.40,765.76 838.33,766.46 841.65,764.17 849.52,756.64 850.79,745.34 847.04,742.74 843.65,735.10 838.60,732.76 836.67,728.92 824.69,719.07 816.93,729.43 818.37,736.77 809.91,733.56 808.00,729.64 804.49,730.46 801.90,728.38 797.69,718.83 802.70,711.60 802.46,705.42 793.84,699.93 793.84,695.60 790.43,688.74 786.25,686.40 789.00,681.32 787.70,672.83 778.38,668.42 778.37,668.46"><title>Coopers Creek</title><desc>Coopers Creek | 003 | 244626.19 sq km</desc></polygon>
<polygon points="1166.19,865.70 1161.58,862.87 1156.72,865.58 1161.06,873.85 1166.33,876.87 1172.06,885.01 1174.50,883.50 1176.09,884.90 1176.09,882.44 1177.95,882.52 1172.32,873.18 1173.20,865.39 1170.39,868.25 1170.87,866.97 1166.31,865.76 1166.19,865.70"><title>Curtis Island</title><desc>Curtis Island | 131 | 577.81 sq km</desc></polygon>
<polygon points="796.49,386.39 795.81,388.87 784.84,392.03 785.65,401.56 779.43,405.06 784.21,410.56 788.84,411.83 789.22,415.78 794.11,419.86 797.35,419.28 801.06,422.30 805.99,421.06 806.77,415.23 811.15,411.49 808.28,406.50 810.37,398.94 807.37,392.33 804.43,389.25 796.41,386.35 796.49,386.39"><title>Daintree</title><desc>Daintree | 108 | 2113.98 sq km</desc></polygon>
<polygon points="676.41,726.97 674.24,729.84 662.98,731.90 661.00,735.50 657.68,735.23 652.70,741.08 648.88,741.72 641.57,748.01 631.56,749.35 626.11,754.23 617.17,753.02 598.80,739.87 593.61,741.96 586.63,739.38 583.20,741.02 576.74,740.33 574.73,743.04 567.81,742.17 567.16,745.88 561.02,748.51 556.03,746.65 547.34,748.28 546.75,754.53 544.21,756.98 545.18,767.86 543.00,777.22 545.39,777.84 545.77,782.22 541.22,786.72 541.38,789.50 534.82,791.51 533.85,794.60 537.11,794.85 535.22,797.74 536.32,802.57 539.35,805.17 536.27,805.89 535.82,810.98 538.10,814.21 532.44,821.74 525.33,824.58 522.86,829.35 524.13,831.81 521.19,831.75 519.19,836.45 515.91,836.35 515.60,840.29 509.87,842.79 506.00,841.47 499.26,844.70 492.14,852.44 488.74,877.88 492.06,884.35 493.10,897.59 488.21,902.96 483.27,916.08 479.73,921.56 474.76,924.47 461.70,923.96 445.93,932.72 447.86,938.47 454.20,937.61 460.53,944.43 459.66,948.39 455.06,952.99 442.78,959.26 443.27,964.30 439.46,967.95 439.53,970.28 427.83,963.18 423.48,970.36 415.24,976.92 414.52,984.74 406.18,990.01 407.78,994.18 413.19,998.64 416.72,997.23 420.91,1005.28 419.74,1009.95 416.23,1011.37 416.55,1014.45 410.60,1017.76 411.53,1023.39 528.49,1023.37 528.50,1046.99 533.95,1047.81 533.62,1041.11 538.29,1039.72 539.16,1033.66 551.21,1012.70 552.32,1006.28 550.39,1004.68 549.38,997.91 557.72,993.60 565.37,995.44 567.87,997.92 575.91,991.96 582.85,982.12 582.43,975.52 584.60,972.97 583.16,970.11 587.62,965.00 593.91,964.02 593.74,960.75 598.20,956.65 596.59,950.95 595.05,950.97 595.93,947.23 601.35,941.79 605.05,942.59 608.62,936.90 616.72,937.75 623.86,934.32 632.06,925.35 628.71,916.19 632.23,914.04 637.64,904.45 642.17,903.55 643.40,901.09 635.29,885.53 638.68,883.89 638.68,881.04 643.18,876.27 643.26,872.83 639.62,868.87 643.72,864.11 637.25,861.45 639.05,857.61 636.69,856.42 633.33,847.96 632.08,842.66 633.48,840.85 626.43,833.45 624.92,827.36 630.14,816.71 649.91,815.99 652.23,821.40 659.64,825.20 670.78,821.41 676.62,814.06 682.51,815.36 684.44,812.99 692.16,810.63 698.63,795.75 701.44,795.25 705.12,788.92 707.25,788.47 696.55,778.91 697.38,759.91 700.13,756.34 690.88,741.85 694.43,731.59 693.55,729.65 687.53,727.26 676.61,726.84 676.41,726.97"><title>Diamantina</title><desc>Diamantina | 002 | 119449.53 sq km</desc></polygon>
<polygon points="929.19,627.25 923.70,628.57 927.37,629.99 929.48,635.01 933.76,634.32 936.84,639.32 940.60,638.18 940.52,644.37 945.37,651.76 947.72,651.50 949.10,653.87 955.72,651.56 963.08,662.71 971.20,665.67 969.39,672.83 975.44,681.42 978.05,678.68 985.72,682.40 987.92,681.25 984.56,666.63 985.95,661.49 981.17,659.52 980.06,654.56 983.08,643.03 976.35,642.18 974.26,638.36 969.11,641.15 964.60,640.48 960.80,636.57 958.15,627.57 953.68,627.37 953.22,631.32 955.93,636.13 948.57,635.04 941.72,627.61 934.52,629.14 929.32,627.22 929.19,627.25"><title>Don</title><desc>Don | 121 | 3705.97 sq km</desc></polygon>
<polygon points="600.01,79.98 601.84,87.54 598.81,93.36 599.22,102.35 595.76,112.21 598.20,112.62 594.79,114.06 593.05,120.74 595.49,117.29 589.40,129.91 587.80,139.11 592.63,144.99 594.09,142.09 592.67,146.87 589.03,144.88 593.73,156.82 600.38,156.35 602.18,158.47 610.71,159.28 612.91,161.47 617.26,159.98 618.98,162.02 621.16,155.46 631.71,155.28 634.78,146.06 634.37,141.35 630.34,137.04 635.69,122.33 630.87,121.44 627.99,117.11 619.05,112.15 607.07,89.83 607.22,85.16 603.42,79.82 599.99,79.55 600.01,79.98"><title>Ducie</title><desc>Ducie | 926 | 6771.91 sq km</desc></polygon>
<polygon points="583.94,158.64 581.84,153.72 583.57,139.61 573.53,157.01 565.77,177.66 567.95,178.92 572.29,177.25 569.60,174.86 570.22,170.61 575.10,171.79 572.12,174.64 580.13,180.05 587.72,177.49 589.04,179.41 580.62,183.37 586.37,187.84 590.11,187.87 585.56,190.14 588.38,197.99 586.58,198.34 584.50,194.70 584.67,188.13 580.18,184.51 575.33,195.67 571.33,198.19 580.18,200.31 582.16,205.68 590.53,208.95 597.81,203.11 605.36,205.17 612.31,201.28 613.27,203.08 617.28,200.87 612.27,174.82 600.90,171.74 601.22,169.84 589.63,169.04 585.51,165.25 583.97,158.72 583.94,158.64"><title>Embley</title><desc>Embley | 924 | 4639.85 sq km</desc></polygon>
<polygon points="783.05,344.45 779.76,347.14 779.70,355.45 777.22,354.55 774.05,357.60 775.67,364.09 779.87,368.41 790.99,371.81 788.76,378.78 789.62,382.78 792.09,381.76 794.26,386.27 798.32,386.05 803.19,388.84 803.45,377.47 800.06,371.75 800.70,366.97 797.51,365.18 796.83,360.03 794.29,359.74 798.44,354.87 798.49,350.86 802.67,347.69 796.97,348.03 789.73,343.10 783.12,344.55 783.05,344.45"><title>Endeavour</title><desc>Endeavour | 107 | 2190.12 sq km</desc></polygon>
<polygon points="997.35,727.08 994.72,732.86 989.66,733.21 988.43,735.03 979.69,734.83 977.82,735.67 978.41,737.89 974.22,737.38 973.27,742.48 967.67,746.20 965.26,751.67 956.88,755.07 957.71,758.02 961.13,759.45 955.66,764.40 955.88,773.90 962.97,782.47 964.91,792.15 972.52,795.91 973.37,799.96 965.71,806.48 963.07,804.57 958.00,805.69 955.35,804.08 953.02,805.98 951.17,804.70 942.89,812.44 932.90,813.27 933.26,819.14 929.45,822.93 928.96,829.42 930.67,832.88 926.26,837.59 922.55,846.54 924.83,854.99 922.03,863.28 924.14,867.65 920.06,869.38 918.69,873.08 918.83,883.26 921.43,885.63 921.47,891.48 916.87,894.83 919.12,899.21 917.67,903.36 903.54,908.13 900.67,918.12 893.28,923.82 889.66,923.84 886.61,921.35 879.39,923.61 886.02,933.69 885.57,936.50 888.49,936.78 891.26,940.02 897.81,934.56 902.02,940.10 902.56,941.94 898.71,946.29 899.97,955.94 907.60,963.09 914.83,957.83 917.07,960.17 920.92,959.93 926.52,952.46 936.72,952.97 938.26,949.44 942.59,950.29 952.65,943.55 958.17,943.97 966.00,953.01 972.85,955.16 974.97,961.32 979.32,965.99 984.07,967.05 993.53,978.29 991.54,982.29 994.42,988.83 988.54,998.68 989.41,1005.71 985.63,1008.87 986.96,1017.17 984.55,1020.87 984.96,1027.64 993.19,1023.84 999.61,1025.67 1012.29,1025.26 1015.99,1033.63 1031.73,1039.14 1032.19,1042.89 1037.31,1040.72 1044.29,1043.66 1057.99,1041.00 1060.10,1044.36 1062.30,1043.01 1072.09,1046.43 1077.66,1043.80 1078.14,1048.27 1092.62,1050.32 1107.70,1042.85 1108.43,1039.47 1106.48,1038.41 1108.57,1035.53 1106.14,1033.90 1107.49,1032.09 1116.44,1033.11 1114.33,1023.77 1117.18,1018.00 1121.05,1016.75 1120.61,1012.81 1118.60,1011.96 1121.85,1009.71 1123.80,1001.61 1118.68,989.97 1124.92,972.77 1130.21,970.77 1130.75,965.26 1128.72,963.19 1130.78,960.32 1128.89,958.64 1129.85,954.78 1133.14,952.79 1130.93,947.09 1132.95,943.00 1136.19,941.27 1144.09,942.85 1150.31,941.51 1152.43,936.74 1156.59,934.03 1157.93,922.50 1160.49,922.36 1157.64,917.69 1149.45,911.52 1145.95,911.34 1146.00,908.59 1140.52,905.99 1138.28,894.52 1148.77,895.77 1151.52,888.46 1158.44,885.37 1158.11,877.37 1156.76,869.68 1155.81,873.11 1151.68,873.55 1150.03,871.24 1149.12,873.76 1149.67,870.94 1145.40,870.22 1150.07,869.15 1139.22,866.56 1141.04,865.22 1145.19,866.33 1139.52,859.95 1139.98,855.37 1137.31,851.27 1141.29,841.22 1138.23,837.57 1139.10,831.95 1132.18,827.29 1131.70,825.27 1133.92,824.06 1132.57,818.71 1125.54,819.93 1124.59,821.72 1119.04,819.23 1117.55,824.38 1118.95,826.24 1112.56,827.83 1111.04,833.02 1108.59,834.15 1102.34,830.82 1092.53,820.31 1091.27,816.46 1086.76,819.56 1080.03,820.02 1079.79,822.31 1072.55,827.81 1065.93,825.93 1065.00,823.67 1059.98,824.52 1058.25,820.51 1060.57,818.57 1055.98,813.52 1055.03,805.71 1056.71,801.46 1052.89,798.67 1052.09,793.36 1052.42,790.84 1056.91,787.95 1055.78,778.43 1059.26,776.60 1054.48,769.34 1049.37,766.67 1050.29,759.08 1045.39,757.70 1046.33,755.09 1043.05,746.27 1044.35,740.34 1037.76,739.58 1036.90,733.37 1034.27,731.08 1026.54,732.94 1025.97,738.47 1020.98,737.61 1019.00,733.24 1014.41,730.84 1012.51,732.48 1004.98,732.38 998.92,726.02 997.35,727.07 997.35,727.08"><title>Fitzroy</title><desc>Fitzroy | 130 | 142864.53 sq km</desc></polygon>
<polygon points="514.84,487.43 511.99,490.62 510.31,489.02 498.45,496.45 501.72,506.35 504.50,507.84 509.40,519.00 507.95,526.88 502.98,529.53 498.81,537.19 492.84,539.13 491.27,542.43 492.28,544.81 501.83,548.51 502.21,554.07 493.01,562.91 491.37,569.31 493.44,573.12 492.54,576.12 482.02,591.52 482.83,596.59 479.99,605.19 481.44,614.09 479.14,619.73 480.86,628.76 478.56,639.30 480.25,652.29 471.38,667.42 462.39,669.89 457.00,677.17 460.03,683.79 458.32,688.20 462.33,694.81 456.68,697.09 457.68,704.33 451.99,713.34 452.99,719.26 462.13,719.82 461.86,721.78 466.89,724.98 467.78,729.39 474.61,735.12 481.04,735.56 484.98,738.97 490.72,737.35 491.29,739.14 495.75,740.05 496.75,745.06 499.91,744.20 505.12,746.51 512.39,744.12 519.30,750.59 522.30,757.66 530.44,758.81 535.33,755.04 541.22,761.15 545.02,759.99 544.21,756.98 546.75,754.53 547.53,748.17 556.03,746.65 561.02,748.51 567.16,745.88 568.46,741.92 574.73,743.04 576.74,740.33 583.20,741.02 586.13,739.34 593.61,741.96 599.46,739.97 617.17,753.02 626.11,754.23 631.56,749.35 641.57,748.01 648.88,741.72 652.70,741.08 657.68,735.23 661.00,735.50 662.98,731.90 674.24,729.84 676.76,726.75 687.87,727.35 698.30,732.76 710.04,726.81 713.20,727.87 719.20,726.02 724.86,720.26 739.82,717.43 740.75,712.29 746.22,710.40 746.34,704.48 749.71,703.60 750.05,693.06 756.43,691.49 756.36,689.18 760.72,686.35 764.23,679.82 771.46,672.86 774.58,673.75 778.88,667.81 775.59,666.15 776.72,661.10 767.64,654.76 767.92,650.79 765.35,648.61 768.02,646.83 766.30,640.88 761.11,639.71 757.15,641.06 756.27,644.04 751.44,642.60 744.61,644.38 743.05,641.91 739.21,641.46 733.71,634.92 731.94,625.60 733.66,624.28 731.88,620.96 726.40,618.48 711.79,623.15 702.83,619.74 692.46,619.18 688.24,614.34 677.79,621.77 675.08,619.29 665.33,624.12 660.56,624.47 654.79,620.15 651.83,620.58 634.54,632.31 620.44,631.32 616.24,635.42 605.51,638.04 605.85,641.44 604.13,642.70 570.52,635.40 562.12,635.32 554.11,627.29 543.10,610.81 542.49,595.51 535.45,583.20 536.23,573.80 533.66,567.08 534.01,558.21 526.75,553.44 522.28,529.81 523.73,516.98 527.51,514.65 527.30,510.51 518.11,499.41 518.83,495.96 514.00,492.46 514.80,487.65 514.84,487.43"><title>Flinders</title><desc>Flinders | 915 | 109690.1 sq km</desc></polygon>
<polygon points="1281.07,995.91 1280.49,997.52 1282.43,999.93 1283.86,1006.88 1286.25,1010.36 1289.05,1010.36 1289.70,1008.13 1288.99,1002.48 1291.06,995.31 1306.63,961.17 1306.10,958.21 1302.77,957.00 1300.77,952.91 1300.84,941.60 1295.60,944.07 1291.61,948.66 1294.07,949.60 1296.40,952.07 1298.68,955.93 1298.47,959.35 1294.09,965.96 1283.47,974.58 1286.21,974.59 1287.10,975.67 1287.28,982.26 1283.17,988.80 1283.29,992.64 1281.10,995.84 1281.07,995.91"><title>Fraser Island</title><desc>Fraser Island | 139 | 1665.09 sq km</desc></polygon>
<polygon points="311.29,588.87 289.54,594.38 276.73,601.43 273.53,605.61 270.63,616.47 257.65,628.38 259.44,639.78 254.77,651.59 257.13,661.22 255.08,667.31 249.68,672.37 255.01,679.10 258.07,689.82 242.05,715.74 237.59,738.56 229.97,740.03 222.33,745.33 197.30,750.84 194.63,746.52 183.52,741.94 182.91,739.40 177.17,740.54 167.85,734.87 169.18,729.94 167.62,728.10 165.21,726.91 163.29,729.19 158.90,726.23 155.01,726.77 159.32,735.01 150.85,743.76 136.65,753.67 134.42,757.43 125.83,760.16 123.45,764.84 117.06,763.05 108.64,764.62 101.29,772.50 107.75,786.98 104.80,789.34 102.62,800.38 97.02,804.04 98.53,808.04 92.52,816.83 90.62,824.06 81.97,827.76 81.32,831.09 86.71,837.38 82.87,840.24 97.28,852.66 103.72,850.59 104.56,846.57 108.03,844.55 119.80,848.64 131.46,843.56 127.93,839.66 121.86,839.76 119.18,832.72 131.07,822.18 134.37,822.33 142.46,816.67 153.42,821.11 157.81,818.87 160.47,813.71 165.86,816.14 170.79,815.51 183.54,802.89 193.07,808.66 198.82,807.76 198.49,804.91 212.95,804.16 221.02,793.44 224.16,792.51 242.93,800.14 256.71,800.58 259.98,808.69 265.52,815.63 262.81,824.54 273.01,826.02 278.71,832.06 281.27,842.36 324.71,937.55 347.23,974.18 361.05,1001.94 368.69,1023.40 411.53,1023.39 410.60,1017.76 416.55,1014.45 416.23,1011.37 419.74,1009.95 420.91,1005.28 416.72,997.23 413.19,998.64 407.78,994.18 406.18,990.01 414.52,984.74 415.24,976.92 423.48,970.36 427.83,963.18 439.53,970.28 439.46,967.95 443.27,964.30 442.78,959.26 455.06,952.99 459.66,948.39 460.53,944.43 454.20,937.61 447.86,938.47 445.93,932.72 461.70,923.96 474.76,924.47 479.73,921.56 483.27,916.08 488.21,902.96 493.10,897.59 492.06,884.35 488.74,877.88 492.14,852.44 499.26,844.70 506.00,841.47 509.87,842.79 515.60,840.29 515.91,836.35 519.19,836.45 521.19,831.75 524.13,831.81 522.86,829.35 525.33,824.58 532.44,821.74 538.10,814.21 535.82,810.98 536.27,805.89 539.35,805.17 536.32,802.57 535.22,797.74 537.11,794.85 533.85,794.60 534.82,791.51 541.38,789.50 541.22,786.72 545.77,782.22 545.39,777.84 543.00,777.22 544.66,763.03 543.68,760.54 541.22,761.15 536.99,758.38 535.33,755.04 530.44,758.81 522.30,757.66 519.30,750.59 512.39,744.12 505.12,746.51 499.91,744.20 496.75,745.06 495.75,740.05 491.29,739.14 490.72,737.35 484.98,738.97 481.04,735.56 474.90,735.27 467.78,729.39 466.89,724.98 461.86,721.78 462.13,719.82 453.80,719.96 453.22,715.65 450.78,714.53 448.90,716.07 448.68,713.99 445.23,713.15 446.84,710.81 445.34,709.69 438.23,711.12 437.50,707.39 434.79,707.91 427.19,701.69 429.20,693.02 424.45,689.72 429.72,681.27 426.73,675.03 428.14,671.73 424.12,664.61 422.31,664.56 421.24,657.60 418.31,658.51 410.26,651.42 408.06,644.81 410.72,640.25 406.57,640.86 402.62,636.60 394.72,641.20 390.23,637.83 384.74,638.60 380.78,635.96 373.92,642.11 369.67,631.71 364.53,630.44 354.47,621.71 351.51,621.16 350.64,615.34 343.54,614.09 328.57,597.28 313.32,588.07 311.29,588.87"><title>Georgina</title><desc>Georgina | 001 | 244504.82 sq km</desc></polygon>
<polygon points="546.78,426.26 541.52,437.59 533.76,444.61 532.41,449.28 525.98,456.69 524.29,468.92 530.60,475.29 539.51,477.46 545.79,482.28 581.28,477.21 596.65,482.96 596.92,485.11 600.05,484.17 605.83,487.24 615.18,499.15 618.66,509.06 627.68,515.84 626.98,521.09 628.72,523.37 624.18,528.44 621.72,527.24 620.60,528.66 622.56,532.48 621.12,536.26 624.92,542.45 624.08,545.27 631.50,548.85 631.78,553.06 638.33,552.17 640.93,554.45 640.48,556.73 644.86,556.37 644.19,561.99 647.77,565.77 647.09,570.80 649.86,577.07 661.80,577.99 667.88,585.65 671.07,586.49 672.35,592.47 678.93,595.71 679.89,598.65 678.05,603.14 682.43,606.69 684.39,613.30 688.22,614.22 692.46,619.18 702.83,619.74 711.44,623.11 726.23,618.47 731.30,620.98 734.56,619.35 738.76,620.42 742.03,614.25 750.01,610.75 751.00,607.22 754.42,607.94 757.41,603.14 759.31,603.17 761.90,599.30 761.96,594.58 765.90,591.58 761.45,581.49 762.25,577.26 756.47,576.67 753.18,574.01 754.81,570.18 756.81,569.93 759.15,548.45 766.76,537.09 766.32,534.10 759.80,532.91 758.80,526.24 749.43,525.20 738.99,516.49 732.10,518.88 728.35,515.52 721.75,514.91 714.19,504.18 709.43,503.35 706.18,498.53 700.38,498.12 697.35,495.50 694.36,497.32 691.51,495.73 687.72,498.41 674.20,489.57 667.82,489.56 665.08,492.46 655.61,490.85 654.67,493.01 641.66,496.59 622.54,496.61 615.13,488.16 602.54,481.49 595.08,470.58 593.09,460.64 589.57,459.78 587.49,455.00 580.19,448.57 579.53,443.62 560.26,431.73 546.79,426.22 546.78,426.26"><title>Gilbert</title><desc>Gilbert | 917 | 46552.89 sq km</desc></polygon>
<polygon points="912.69,608.10 907.49,610.58 905.13,614.24 902.86,613.36 900.22,615.37 893.32,622.58 892.33,626.90 889.24,626.25 889.92,623.63 884.63,620.99 879.67,615.12 877.39,617.80 878.41,625.43 874.74,626.74 880.61,629.57 880.33,635.59 883.65,640.06 888.97,638.94 892.96,642.18 898.34,640.64 903.07,645.12 919.85,641.61 921.31,630.91 930.55,621.76 934.36,620.73 943.24,623.18 932.52,602.65 935.00,607.44 933.96,609.45 925.58,608.59 922.37,610.44 916.50,608.40 913.95,609.63 913.28,607.85 912.69,608.10"><title>Haughton</title><desc>Haughton | 119 | 4063.04 sq km</desc></polygon>
<polygon points="339.58,965.87 339.59,1023.40 368.69,1023.40 368.70,1022.86 368.45,1020.85 363.98,1010.66 361.05,1001.94 353.28,987.56 347.23,974.18 339.58,960.45 339.58,965.87"><title>Hay</title><desc>Hay | 007 | 2800.81 sq km</desc></polygon>
<polygon points="806.63,477.84 802.96,481.16 796.66,482.94 794.55,490.27 788.43,490.53 779.89,495.52 778.19,503.85 772.05,513.66 771.70,528.21 766.80,535.37 772.48,534.42 783.45,527.85 789.49,530.04 790.11,532.73 799.12,540.37 807.82,539.35 811.41,544.02 814.83,541.55 818.21,542.51 825.35,550.06 823.37,553.46 827.37,561.33 826.71,564.35 831.88,567.26 832.70,571.32 837.24,572.72 837.12,574.39 843.53,575.19 844.65,577.73 860.96,579.23 861.93,576.46 859.84,574.21 864.64,559.58 862.81,559.90 864.53,558.57 864.56,553.04 858.91,551.16 855.53,553.54 851.05,551.85 849.60,546.05 842.11,541.53 842.09,539.47 833.45,540.14 830.64,536.75 829.83,531.28 823.57,530.54 825.01,526.54 821.01,525.32 821.49,521.77 813.36,514.79 815.38,506.52 813.50,501.97 815.38,498.57 813.73,494.09 814.65,488.98 810.59,487.74 809.62,480.65 806.66,477.90 806.63,477.84"><title>Herbert</title><desc>Herbert | 116 | 9874.32 sq km</desc></polygon>
<polygon points="857.43,532.12 856.98,534.17 858.62,536.65 857.77,537.84 851.12,534.64 847.83,535.59 849.69,537.93 853.10,539.83 856.08,543.96 855.99,547.48 857.49,550.05 863.90,550.48 863.98,548.02 865.84,546.39 863.66,545.04 864.73,543.94 864.22,542.78 862.50,542.29 860.62,539.87 862.57,535.05 859.09,534.92 857.41,532.19 857.43,532.12"><title>hinchinbrook island</title><desc>hinchinbrook island | 115 | 397.39 sq km</desc></polygon>
<polygon points="591.86,256.31 571.40,269.72 568.62,268.21 567.35,271.01 562.87,269.86 566.19,274.49 566.21,284.11 568.22,286.42 578.96,289.71 582.40,294.89 594.70,300.37 608.71,300.26 613.94,295.56 622.05,293.22 628.98,296.34 637.00,303.85 644.79,305.00 647.86,303.72 652.77,295.29 657.54,299.43 658.68,295.62 662.21,294.50 668.00,287.88 677.81,286.36 676.72,281.67 671.78,281.29 667.94,271.27 664.16,270.62 657.09,275.22 652.15,269.03 642.89,267.70 638.29,264.67 630.87,267.48 628.30,265.30 628.94,262.36 625.40,260.51 623.56,261.98 621.96,259.73 616.72,260.08 613.67,257.42 607.13,258.19 595.98,255.07 591.87,256.31 591.86,256.31"><title>Holroyd</title><desc>Holroyd | 921 | 10324.38 sq km</desc></polygon>
<polygon points="626.37,61.58 620.00,67.61 619.69,73.11 614.56,79.05 614.87,83.29 625.11,82.94 632.37,86.23 636.40,89.59 634.60,93.44 642.91,103.15 640.23,110.65 641.29,115.54 635.61,122.46 630.34,137.69 634.36,141.33 634.74,146.34 645.63,148.21 647.15,150.47 649.29,150.36 650.74,144.59 654.47,145.72 657.64,144.05 663.14,147.33 666.12,141.60 669.66,139.98 665.17,141.10 663.70,137.02 660.63,135.37 658.43,137.51 652.87,137.91 645.41,132.40 645.59,119.23 643.49,109.27 646.16,103.27 641.34,96.61 641.11,84.37 638.52,78.80 636.57,76.75 632.52,79.03 634.03,76.29 629.99,75.44 628.68,70.89 626.06,72.24 626.42,74.92 620.74,77.41 623.05,76.28 624.21,69.61 629.92,63.53 626.46,61.55 626.37,61.58"><title>Jacky Jacky</title><desc>Jacky Jacky | 101 | 2975 sq km</desc></polygon>
<polygon points="626.42,61.53 624.96,59.53 622.94,61.31 619.13,60.82 613.64,71.84 604.99,75.43 602.66,74.21 599.43,78.03 603.42,79.82 607.24,85.21 607.01,89.67 611.41,95.94 614.79,106.77 617.64,108.02 621.97,114.92 628.06,117.16 630.87,121.44 636.40,121.93 641.26,115.61 640.23,110.65 642.91,103.15 634.60,93.44 636.40,89.59 632.37,86.23 625.11,82.94 614.87,83.29 614.56,79.05 619.69,73.11 620.00,67.61 626.46,61.55 626.42,61.53"><title>Jardine</title><desc>Jardine | 927 | 3294.7 sq km</desc></polygon>
<polygon points="729.80,284.58 735.41,289.73 733.65,293.78 737.83,295.06 741.14,293.08 743.64,298.84 747.88,300.04 747.30,303.45 745.01,303.97 746.90,307.42 751.78,311.29 753.71,309.84 753.81,312.85 758.64,311.30 762.69,314.69 761.42,318.62 764.15,325.01 767.10,325.76 770.86,322.90 773.36,325.70 781.60,327.06 780.80,333.06 776.71,338.55 777.65,341.34 783.04,341.27 784.03,343.85 789.83,343.12 798.49,348.46 802.67,347.69 801.75,345.32 800.24,347.40 797.11,347.07 795.12,339.85 802.68,329.94 802.31,327.60 798.08,328.17 794.19,323.53 794.90,320.46 788.47,320.85 781.89,318.17 780.64,315.43 777.46,314.47 774.50,306.65 766.65,305.47 766.12,302.47 760.41,302.84 756.37,298.12 758.40,290.59 754.42,290.90 754.95,284.50 750.24,278.69 748.34,278.52 745.39,283.87 738.78,287.37 729.72,284.52 729.80,284.58"><title>Jeannie</title><desc>Jeannie | 106 | 3650.67 sq km</desc></polygon>
<polygon points="822.43,476.12 820.98,474.91 815.08,479.15 810.49,487.19 814.53,488.58 813.74,494.15 815.16,496.16 819.92,496.72 821.90,499.69 821.21,502.39 824.92,504.26 825.30,501.91 831.30,504.01 833.03,507.92 842.89,510.36 845.75,514.43 849.90,509.90 850.14,501.55 852.80,497.87 847.75,489.87 848.21,487.07 840.96,483.77 838.90,488.65 837.25,486.95 832.30,488.14 826.34,485.34 822.50,476.17 822.43,476.12"><title>Johnstone</title><desc>Johnstone | 112 | 2332.71 sq km</desc></polygon>
<polygon points="1179.49,938.43 1179.86,943.22 1185.61,948.30 1185.59,950.38 1192.37,950.13 1193.97,952.42 1194.17,956.31 1191.06,958.23 1193.32,961.94 1192.54,966.35 1196.58,967.90 1202.45,966.49 1203.09,970.62 1204.96,967.52 1207.56,968.76 1207.93,964.98 1212.61,965.40 1214.80,961.92 1221.04,960.95 1224.45,955.99 1232.84,952.84 1234.53,949.21 1242.55,948.54 1243.75,944.19 1233.77,938.90 1233.53,940.79 1230.25,940.40 1221.18,948.00 1218.68,941.91 1210.97,947.61 1205.23,942.42 1204.48,938.64 1197.11,939.92 1196.31,942.04 1191.36,941.36 1192.24,936.55 1188.23,931.47 1179.47,938.42 1179.49,938.43"><title>Kolan</title><desc>Kolan | 135 | 2906.92 sq km</desc></polygon>
<polygon points="528.49,1206.09 528.49,1212.42 535.15,1212.28 533.95,1210.18 534.05,1207.63 533.38,1205.79 533.27,1203.32 532.90,1202.32 531.61,1202.18 530.35,1201.03 529.67,1200.87 529.01,1202.84 528.49,1203.45 528.49,1206.09"><title>Lake Frome</title><desc>Lake Frome | 004 | 152.05 sq km</desc></polygon>
<polygon points="451.73,493.43 451.84,500.15 448.06,503.74 450.17,506.94 447.64,510.17 451.33,516.08 451.70,533.00 448.40,534.38 446.42,540.75 439.90,542.31 433.72,546.84 431.25,552.61 419.45,559.94 412.26,571.68 402.18,578.30 403.02,584.09 409.76,586.68 410.98,592.55 408.46,596.42 409.62,600.04 414.92,602.71 417.07,608.67 414.11,616.35 416.08,618.14 415.59,621.53 409.93,623.87 403.03,634.95 406.57,640.86 411.03,640.63 408.06,644.81 410.26,651.42 418.31,658.51 421.24,657.60 422.31,664.56 424.12,664.61 428.10,671.62 426.73,675.03 429.72,681.27 424.45,689.72 429.20,693.02 427.19,701.69 434.79,707.91 437.50,707.39 438.54,711.30 446.72,710.32 445.23,713.15 448.68,713.99 449.44,716.30 457.63,704.60 456.68,697.09 462.33,694.81 458.24,687.86 460.03,683.79 457.24,678.56 458.06,674.59 462.39,669.89 471.38,667.42 474.42,660.20 476.37,660.20 479.14,655.82 478.56,639.30 480.86,628.64 479.14,619.73 481.44,614.09 479.99,605.19 482.83,596.59 482.02,591.52 492.54,576.12 493.44,573.12 491.37,569.31 493.01,562.91 502.23,553.79 501.76,548.45 483.49,539.72 484.26,534.24 478.59,534.33 471.69,530.95 471.52,526.16 466.72,519.48 469.04,514.81 472.57,512.99 474.57,501.88 465.33,501.78 461.49,496.60 452.10,493.24 451.73,493.43"><title>Leichhardt</title><desc>Leichhardt | 913 | 32976.81 sq km</desc></polygon>
<polygon points="678.55,179.13 671.26,183.09 668.78,182.47 666.30,188.20 672.51,202.35 669.78,205.02 670.27,208.26 673.07,213.75 674.81,213.09 676.39,215.58 674.61,223.27 677.57,223.56 678.97,226.21 673.87,235.26 676.58,244.58 676.22,253.38 681.30,252.69 683.47,255.68 688.47,253.75 692.13,231.73 687.62,225.71 686.13,213.17 685.92,201.05 688.75,195.24 676.57,198.28 677.32,191.36 682.06,181.41 678.59,179.04 678.55,179.13"><title>Lockhart</title><desc>Lockhart | 103 | 2894.2 sq km</desc></polygon>
<polygon points="1294.19,1113.83 1292.09,1124.29 1287.33,1125.11 1283.04,1132.86 1273.00,1136.46 1267.78,1144.77 1257.40,1151.65 1254.24,1161.02 1249.88,1163.50 1254.73,1166.18 1254.14,1168.72 1257.53,1170.92 1259.73,1166.55 1268.41,1172.38 1276.33,1168.99 1291.00,1171.94 1295.93,1165.11 1292.01,1154.07 1295.56,1149.43 1297.31,1136.48 1306.61,1132.84 1303.46,1127.91 1302.36,1118.74 1300.56,1119.14 1299.22,1115.82 1296.10,1116.94 1294.20,1113.82 1294.19,1113.83"><title>Logan-Albert</title><desc>Logan-Albert | 145 | 4158.8 sq km</desc></polygon>
<polygon points="1277.50,1052.14 1274.95,1061.94 1278.09,1067.66 1276.85,1071.95 1279.55,1075.20 1277.11,1076.96 1277.39,1082.02 1274.17,1083.46 1277.07,1087.73 1286.32,1091.37 1293.06,1091.62 1287.00,1083.05 1293.58,1074.09 1292.83,1066.39 1288.63,1064.01 1290.42,1063.88 1289.92,1056.49 1284.51,1054.53 1282.46,1051.44 1277.50,1052.14 1277.50,1052.14"><title>Maroochy</title><desc>Maroochy | 141 | 1393.68 sq km</desc></polygon>
<polygon points="1291.56,1077.54 1291.31,1079.43 1288.82,1081.04 1289.54,1083.43 1288.89,1085.25 1290.29,1087.44 1292.39,1088.82 1294.52,1092.82 1297.15,1091.73 1292.79,1080.89 1292.42,1074.96 1291.57,1077.56 1291.56,1077.54"><title>Maroochy</title><desc>Maroochy | 141 | 147.82 sq km</desc></polygon>
<polygon points="1266.63,981.12 1262.77,985.47 1259.51,986.16 1255.78,991.84 1248.04,996.14 1240.18,997.40 1238.30,990.99 1235.19,991.44 1227.79,1000.18 1223.77,999.36 1221.88,1005.43 1219.85,1005.56 1220.85,1009.10 1223.52,1010.37 1223.91,1015.77 1228.29,1014.18 1229.12,1016.69 1231.74,1016.14 1233.99,1020.70 1234.04,1025.13 1227.03,1029.63 1229.86,1039.83 1236.45,1042.95 1240.57,1040.49 1242.18,1043.42 1246.97,1045.36 1244.45,1052.66 1241.96,1053.46 1244.35,1058.94 1243.44,1061.48 1249.77,1065.18 1252.73,1071.41 1256.81,1068.41 1259.01,1071.39 1262.99,1072.20 1264.23,1076.63 1267.69,1077.22 1272.10,1072.60 1277.10,1072.69 1278.09,1067.66 1274.95,1061.94 1276.63,1059.59 1275.22,1057.48 1277.49,1055.27 1276.25,1053.31 1279.49,1051.20 1282.84,1051.81 1283.87,1049.88 1273.75,1040.87 1273.24,1037.85 1280.26,1036.34 1282.66,1033.97 1280.02,1029.97 1276.88,1029.82 1275.74,1026.32 1282.31,1023.46 1280.05,1020.25 1274.97,1018.52 1267.42,1003.89 1269.09,995.34 1280.12,988.82 1273.05,992.15 1276.06,988.35 1279.27,987.73 1277.47,983.45 1273.11,979.97 1268.91,979.18 1266.65,980.96 1266.63,981.12"><title>Mary</title><desc>Mary | 138 | 9488.59 sq km</desc></polygon>
<polygon points="615.65,327.39 607.43,329.21 601.35,334.87 596.83,335.79 584.32,343.83 579.20,341.84 577.01,343.61 573.39,342.66 569.05,335.61 568.38,341.12 565.84,343.51 570.03,345.34 565.04,344.00 556.03,372.31 554.48,385.09 552.18,388.90 555.78,398.65 550.19,410.82 555.22,412.70 562.80,410.23 569.59,411.87 576.48,407.45 590.73,409.66 605.08,407.49 609.15,404.42 617.54,406.93 634.24,403.03 636.71,405.35 651.55,409.09 651.35,412.13 654.24,413.73 653.25,420.36 667.29,424.77 674.46,430.96 683.47,457.54 684.01,469.29 690.88,477.73 694.19,478.98 695.84,484.63 699.82,485.41 701.47,488.56 709.19,493.00 711.88,503.20 720.88,511.90 721.60,514.79 728.35,515.52 732.10,518.88 738.99,516.49 749.43,525.20 758.80,526.24 760.25,533.41 766.81,534.62 770.37,532.25 772.85,521.51 771.20,518.76 772.05,513.66 778.19,503.85 779.89,495.52 788.43,490.53 794.57,490.26 796.66,482.94 802.96,481.16 807.91,476.11 806.26,470.07 802.87,467.24 800.54,457.73 805.61,456.27 806.68,451.93 804.87,447.97 807.18,444.17 805.39,440.84 809.67,440.25 812.62,435.05 805.26,432.09 804.87,427.80 798.97,427.73 796.27,424.84 797.39,423.37 789.22,415.78 788.84,411.83 784.21,410.56 779.80,404.76 775.82,404.36 771.68,395.77 763.63,387.02 758.61,387.34 758.35,384.67 753.29,384.48 740.33,390.63 731.20,384.41 726.73,387.57 707.84,382.03 705.66,378.17 707.15,373.00 701.74,367.70 694.33,366.01 688.25,355.92 688.10,352.11 684.86,353.39 679.87,344.68 677.31,346.14 673.65,342.78 674.99,335.25 678.42,333.09 676.56,329.11 672.91,331.08 667.85,328.70 665.20,330.10 655.99,327.75 647.22,329.94 640.48,327.38 638.80,328.90 627.32,326.65 615.79,327.39 615.65,327.39"><title>Mitchell</title><desc>Mitchell | 919 | 71715.71 sq km</desc></polygon>
<polygon points="1131.27,1107.33 1114.84,1116.69 1095.24,1119.75 1073.91,1118.96 1074.57,1114.90 1070.15,1117.00 1062.78,1115.26 1061.83,1111.80 1050.47,1111.55 1049.84,1116.23 1043.49,1126.85 1036.76,1130.13 1035.01,1128.84 1036.13,1126.73 1030.34,1124.92 1026.98,1133.70 1021.13,1135.74 1022.82,1140.46 1020.60,1149.43 1013.94,1164.71 1011.50,1166.11 1011.97,1178.20 1007.35,1182.82 1010.10,1189.87 1007.76,1194.70 1011.70,1203.38 1001.66,1209.01 1003.51,1214.77 1007.28,1217.14 1006.40,1223.84 1008.04,1225.25 1005.15,1232.56 1014.71,1232.35 1011.87,1224.99 1013.14,1220.56 1010.77,1218.33 1015.77,1215.81 1017.45,1209.50 1024.09,1208.09 1024.97,1201.01 1032.04,1199.89 1034.92,1197.14 1036.84,1193.21 1035.42,1188.76 1041.13,1186.50 1036.87,1182.69 1043.72,1181.06 1044.86,1178.58 1041.67,1175.43 1053.40,1171.02 1054.68,1167.92 1058.15,1168.99 1059.83,1167.59 1065.50,1161.24 1068.93,1150.86 1078.99,1150.83 1080.59,1155.09 1085.72,1158.04 1086.75,1155.55 1083.50,1148.04 1090.10,1148.11 1091.37,1145.82 1094.71,1149.31 1099.23,1148.56 1100.68,1141.04 1107.49,1140.51 1113.76,1132.57 1122.46,1131.03 1123.16,1127.97 1128.44,1127.27 1132.80,1122.62 1147.33,1120.99 1145.49,1113.53 1148.48,1107.39 1146.70,1104.47 1141.09,1104.77 1137.48,1107.40 1131.41,1106.96 1131.27,1107.33"><title>Moonie</title><desc>Moonie | 417 | 14833.63 sq km</desc></polygon>
<polygon points="1312.74,1088.08 1306.84,1090.43 1307.07,1099.20 1310.42,1108.87 1311.08,1109.42 1311.52,1107.84 1310.35,1103.91 1310.47,1099.49 1313.51,1088.77 1312.75,1088.09 1312.74,1088.08"><title>Moreton Island</title><desc>Moreton Island | 144 | 172.18 sq km</desc></polygon>
<polygon points="1310.94,1088.55 1310.23,1088.60 1310.50,1088.75 1310.95,1088.56 1310.94,1088.55"><title>Moreton Island</title><desc>Moreton Island | 144 | 172.18 sq km</desc></polygon>
<polygon points="1309.67,1088.96 1309.37,1089.03 1309.67,1089.02 1309.67,1088.96"><title>Moreton Island</title><desc>Moreton Island | 144 | 172.18 sq km</desc></polygon>
<polygon points="1310.57,1107.69 1310.36,1107.65 1310.52,1107.74 1310.57,1107.69"><title>Moreton Island</title><desc>Moreton Island | 144 | 172.18 sq km</desc></polygon>
<polygon points="1309.84,1088.83 1309.75,1088.84 1309.73,1088.86 1309.73,1088.88 1309.78,1088.89 1309.79,1088.88 1309.84,1088.83"><title>Moreton Island</title><desc>Moreton Island | 144 | 172.18 sq km</desc></polygon>
<polygon points="487.41,500.15 474.57,501.88 472.57,512.99 469.04,514.81 466.81,520.62 471.52,526.16 472.17,531.57 478.59,534.33 484.26,534.24 483.49,539.72 491.57,543.24 492.81,539.15 497.94,538.04 502.64,529.89 507.95,526.88 509.38,518.64 504.50,507.84 501.72,506.35 498.45,496.45 487.71,500.10 487.41,500.15"><title>Morning</title><desc>Morning | 914 | 3690.76 sq km</desc></polygon>
<polygon points="425.19,422.73 422.09,422.99 417.82,425.77 415.86,429.97 412.08,433.92 412.93,435.99 414.74,436.09 415.17,438.63 416.46,438.71 417.01,440.05 420.76,440.28 426.08,437.29 426.58,433.94 428.21,434.66 428.79,436.36 431.04,435.96 430.23,433.71 432.06,433.32 432.35,430.72 431.10,429.88 433.00,429.04 434.52,430.32 435.11,428.53 433.13,428.18 432.80,427.05 436.06,426.50 436.70,424.74 439.04,425.69 440.09,428.91 443.99,426.74 447.47,427.50 445.28,422.49 443.45,422.31 440.68,419.43 437.25,418.63 431.80,422.13 425.24,422.73 425.19,422.73"><title>Mornington Island</title><desc>Mornington Island | 911 | 1004.84 sq km</desc></polygon>
<polygon points="793.97,419.80 799.12,427.86 804.87,427.80 805.26,432.09 820.10,439.55 821.95,445.43 825.22,444.37 822.61,440.43 816.99,437.23 809.93,424.38 806.38,423.46 805.99,421.06 801.06,422.30 797.35,419.28 794.00,419.66 793.97,419.80"><title>Mossman</title><desc>Mossman | 109 | 474.6 sq km</desc></polygon>
<polygon points="827.64,449.90 825.16,451.72 825.93,455.64 823.99,459.85 820.55,458.43 819.03,461.26 823.78,469.32 819.98,472.57 824.79,482.76 826.34,485.34 834.43,488.79 837.22,486.95 840.08,488.00 840.96,483.77 847.64,487.47 847.97,481.85 844.20,478.10 840.15,465.24 836.40,460.57 840.70,450.42 838.28,448.38 835.13,451.07 833.83,448.82 829.75,452.69 827.92,449.86 827.64,449.90"><title>Mulgrave-Russell</title><desc>Mulgrave-Russell | 111 | 1989.35 sq km</desc></polygon>
<polygon points="831.46,520.65 828.06,522.36 823.57,530.54 829.83,531.28 830.64,536.75 833.45,540.14 841.16,538.78 842.11,541.53 849.60,546.05 851.04,551.84 855.42,553.54 856.42,548.81 844.39,535.55 843.73,527.95 845.71,523.13 831.48,520.66 831.46,520.65"><title>Murray</title><desc>Murray | 114 | 1110.14 sq km</desc></polygon>
<polygon points="425.16,480.66 422.77,484.55 411.86,484.19 405.26,487.81 399.36,485.48 388.57,491.45 381.99,490.07 378.54,494.26 379.73,500.84 376.40,502.29 371.91,510.10 368.64,512.03 366.09,508.40 359.14,508.39 357.68,502.33 348.06,502.68 346.94,500.73 343.49,500.88 342.86,498.41 340.00,499.09 339.63,496.27 335.55,498.58 331.57,495.47 324.59,497.88 311.28,508.32 305.90,505.34 303.42,500.63 298.01,496.78 269.70,491.56 263.03,488.19 253.97,490.38 258.53,498.22 266.67,503.16 269.81,521.75 264.88,527.29 263.86,534.31 266.48,536.39 266.50,540.11 271.92,542.32 275.30,549.93 285.53,559.05 300.17,554.70 302.34,555.59 303.02,558.77 313.11,561.73 311.73,564.65 315.24,567.45 311.99,581.42 314.02,588.96 328.57,597.28 343.54,614.09 350.64,615.34 351.51,621.16 354.47,621.71 364.53,630.44 369.67,631.71 373.92,642.11 380.78,635.96 384.74,638.60 390.20,637.82 394.78,641.20 403.92,636.92 403.92,631.80 406.86,630.87 409.93,623.87 413.08,623.59 416.26,619.17 414.09,616.64 416.70,606.43 414.92,602.71 409.62,600.04 408.46,596.42 410.98,592.55 409.76,586.68 403.02,584.09 402.21,578.21 412.26,571.68 419.45,559.94 431.25,552.61 433.72,546.84 439.90,542.31 446.42,540.75 448.40,534.38 452.03,532.05 451.33,516.08 447.64,510.17 450.17,506.94 448.06,503.74 451.84,500.15 452.10,493.24 443.28,490.79 432.65,482.26 425.19,480.57 425.16,480.66"><title>Nicholson</title><desc>Nicholson | 912 | 51666.35 sq km</desc></polygon>
<polygon points="1279.80,988.06 1279.72,989.71 1269.14,995.28 1267.61,1000.59 1271.64,1013.53 1275.53,1019.07 1280.05,1020.25 1282.31,1023.46 1275.74,1026.32 1276.88,1029.82 1280.02,1029.97 1282.66,1033.97 1280.26,1036.34 1273.31,1037.74 1273.75,1040.87 1283.05,1048.56 1282.57,1051.99 1284.49,1054.52 1289.92,1056.49 1291.59,1047.45 1288.58,1046.78 1288.26,1040.83 1296.12,1019.48 1291.28,1019.12 1287.21,1011.50 1288.10,1016.38 1285.64,1017.89 1287.80,1019.16 1284.43,1022.39 1286.04,1019.41 1284.50,1018.37 1286.08,1015.83 1284.18,1016.02 1285.37,1012.80 1283.02,1010.87 1280.44,1012.18 1283.08,1008.97 1280.09,1008.62 1279.05,1005.12 1276.35,1003.79 1278.44,1003.12 1276.03,995.78 1281.18,988.46 1279.78,988.02 1279.80,988.06"><title>Noosa</title><desc>Noosa | 140 | 1952.12 sq km</desc></polygon>
<polygon points="524.06,469.16 521.43,481.04 518.38,486.92 514.03,488.38 513.99,492.43 518.83,495.96 518.11,499.41 527.30,510.51 527.51,514.65 523.73,516.98 522.28,529.81 526.75,553.44 534.01,558.21 533.66,567.08 536.23,573.80 535.45,583.20 542.49,595.51 543.10,610.81 557.15,631.01 562.96,635.76 570.52,635.40 604.13,642.70 605.85,641.44 605.51,638.04 616.24,635.42 620.44,631.32 634.54,632.31 651.56,620.63 654.79,620.15 660.56,624.47 665.33,624.12 675.08,619.29 677.79,621.77 688.30,614.34 684.23,613.17 682.43,606.69 678.05,603.14 679.89,598.65 678.82,595.51 672.41,592.53 671.17,586.60 667.88,585.65 663.52,579.03 649.90,577.13 647.09,570.80 647.77,565.77 644.19,561.99 644.86,556.37 640.48,556.73 640.93,554.45 638.33,552.17 631.78,553.06 631.50,548.85 624.08,545.27 624.92,542.45 621.12,536.26 622.56,532.48 620.60,528.66 621.72,527.24 624.18,528.44 628.72,523.37 626.98,521.09 627.68,515.84 618.66,509.06 615.18,499.15 605.83,487.24 600.05,484.17 596.92,485.11 596.65,482.96 581.28,477.21 545.79,482.28 539.51,477.46 530.60,475.29 524.29,468.92 524.06,469.16"><title>Norman</title><desc>Norman | 916 | 50580.24 sq km</desc></polygon>
<polygon points="683.76,292.54 680.13,298.46 683.95,299.96 684.93,305.19 680.70,310.88 679.12,317.76 682.87,320.47 683.58,325.15 677.25,328.73 678.41,333.12 674.99,335.25 673.50,342.45 677.31,346.14 679.87,344.68 684.86,353.39 688.10,352.11 688.25,355.92 694.33,366.01 701.74,367.70 707.15,373.00 705.66,378.17 707.84,382.03 726.73,387.57 731.20,384.41 740.33,390.63 750.82,385.12 757.80,384.48 758.61,387.34 763.50,386.98 766.05,388.80 777.06,404.83 780.92,403.15 783.20,404.26 785.65,401.56 785.08,391.79 796.00,388.50 796.50,386.41 793.37,385.41 792.28,381.92 789.01,381.71 790.99,371.81 778.84,367.86 773.98,360.05 775.75,355.30 779.70,355.45 779.76,347.14 784.03,343.85 783.04,341.27 777.65,341.34 776.71,338.55 780.80,333.06 780.93,326.37 774.76,326.19 770.73,322.89 767.10,325.76 764.15,325.01 761.42,318.62 762.69,314.69 758.64,311.30 753.81,312.85 753.71,309.84 751.78,311.29 746.90,307.42 745.01,303.97 747.30,303.45 747.88,300.04 743.64,298.84 741.14,293.08 737.83,295.06 733.65,293.78 735.41,289.73 729.72,284.52 729.68,289.39 726.51,293.65 719.42,298.33 713.86,299.45 707.69,297.21 702.54,291.55 697.69,293.97 686.52,291.09 683.79,292.44 683.76,292.54"><title>Normanby</title><desc>Normanby | 105 | 24495.65 sq km</desc></polygon>
<polygon points="987.07,677.55 987.90,683.23 991.59,686.11 992.87,690.00 996.49,690.32 999.26,696.06 1006.33,699.48 1009.34,705.50 1009.58,711.35 1023.32,715.50 1033.08,713.84 1038.17,715.18 1038.80,713.52 1041.78,716.03 1046.30,715.45 1046.39,712.81 1045.25,713.56 1042.09,708.85 1040.39,708.69 1040.00,710.82 1038.02,707.35 1033.13,708.36 1032.99,704.75 1036.05,704.28 1035.19,702.75 1032.53,703.42 1029.14,700.99 1027.05,702.09 1025.01,699.83 1021.92,701.60 1022.72,699.09 1019.59,696.75 1022.21,695.67 1013.30,689.16 1015.04,685.75 1013.08,685.91 1010.07,679.51 1001.16,681.72 998.21,679.96 995.58,680.94 993.90,677.59 991.95,679.03 987.13,677.50 987.07,677.55"><title>O&apos;Connell</title><desc>O'Connell | 124 | 2393.64 sq km</desc></polygon>
<polygon points="634.68,146.35 631.78,153.50 636.03,158.51 638.90,166.41 641.95,169.16 647.27,167.72 649.99,170.02 647.05,171.77 647.51,175.13 650.24,180.32 653.58,182.12 649.60,186.09 649.82,191.41 647.54,192.42 652.03,198.70 651.87,204.08 655.61,203.54 660.17,207.94 665.90,207.05 669.81,208.95 669.78,205.02 672.51,202.35 666.30,188.10 668.88,182.40 671.26,183.09 678.59,179.04 671.72,174.55 671.69,167.76 670.04,166.03 665.73,163.72 659.53,163.78 659.44,151.99 663.14,147.33 657.64,144.05 654.47,145.72 650.74,144.59 649.29,150.36 647.22,150.49 645.63,148.21 634.74,146.34 634.68,146.35"><title>Olive-Pascoe</title><desc>Olive-Pascoe | 102 | 4195.62 sq km</desc></polygon>
<polygon points="786.74,1029.84 786.74,1032.62 783.29,1034.44 784.97,1036.57 783.51,1038.77 773.70,1042.12 773.48,1051.07 770.02,1053.09 772.06,1054.69 771.95,1059.56 768.95,1062.53 769.00,1071.87 762.38,1072.99 758.97,1077.46 759.44,1083.03 763.55,1085.80 760.33,1086.80 759.55,1093.56 750.07,1104.76 749.92,1111.69 754.76,1115.27 752.67,1122.05 745.09,1122.21 739.61,1125.34 737.02,1132.74 732.79,1132.65 733.90,1136.13 730.86,1138.57 732.31,1141.23 723.82,1142.89 721.40,1147.87 718.70,1147.70 716.97,1152.68 717.07,1157.76 719.91,1162.34 715.05,1165.72 714.89,1169.71 718.99,1175.54 717.72,1182.24 721.52,1194.03 718.33,1203.45 722.11,1216.99 718.89,1224.81 718.80,1233.59 701.60,1247.29 699.76,1256.47 690.11,1268.50 689.62,1286.14 683.89,1290.84 680.43,1298.17 675.71,1300.45 671.92,1299.92 669.21,1304.85 670.79,1309.50 669.57,1314.99 666.38,1318.41 667.34,1321.79 659.57,1325.58 657.85,1330.07 648.87,1323.63 638.75,1327.97 631.87,1326.85 629.65,1330.18 632.39,1333.82 627.96,1344.46 636.27,1350.47 635.22,1356.61 642.27,1362.72 654.22,1365.80 666.36,1376.59 675.68,1380.00 679.07,1373.42 682.91,1375.83 690.38,1368.45 706.78,1366.39 718.40,1362.35 720.05,1359.28 719.24,1351.83 733.22,1342.64 738.08,1343.50 743.81,1334.34 760.68,1331.35 768.40,1320.34 769.40,1315.98 767.31,1305.91 761.54,1295.18 749.73,1293.21 745.33,1289.47 749.04,1279.52 748.15,1274.42 758.70,1267.76 764.03,1257.37 769.32,1255.34 773.46,1250.97 779.83,1250.89 795.55,1241.20 810.54,1236.49 814.42,1218.52 819.03,1210.78 816.15,1190.44 817.92,1179.70 824.99,1163.13 821.71,1154.81 822.14,1151.02 818.83,1145.65 820.52,1137.29 827.09,1128.29 826.32,1122.94 820.91,1123.08 820.83,1121.05 814.41,1117.74 809.73,1110.79 811.56,1101.73 819.44,1090.23 817.10,1088.56 818.41,1082.03 815.20,1082.05 811.20,1075.60 811.42,1071.25 815.96,1067.12 819.24,1059.79 819.27,1055.49 816.23,1051.41 816.72,1047.92 810.34,1043.58 808.15,1044.63 803.82,1042.90 800.03,1039.05 798.41,1033.38 789.88,1028.29 786.75,1029.83 786.74,1029.84"><title>Paroo</title><desc>Paroo | 424 | 73076.7 sq km</desc></polygon>
<polygon points="1274.72,1085.68 1272.38,1085.90 1270.28,1091.46 1267.12,1093.38 1264.12,1103.73 1268.62,1105.32 1269.08,1109.92 1273.47,1112.77 1282.62,1114.11 1291.16,1112.92 1293.85,1109.39 1289.18,1107.56 1286.74,1104.00 1288.21,1102.32 1290.86,1103.02 1291.27,1098.62 1285.92,1097.87 1291.32,1091.93 1285.82,1091.20 1274.81,1085.65 1274.72,1085.68"><title>Pine</title><desc>Pine | 142 | 1486.33 sq km</desc></polygon>
<polygon points="1007.40,709.72 1000.27,717.11 1004.96,719.66 1003.55,731.80 1012.51,732.48 1013.79,730.63 1018.99,733.22 1020.98,737.61 1025.97,738.47 1026.44,733.04 1031.64,731.69 1021.55,724.39 1024.21,718.24 1044.54,719.53 1046.30,715.45 1041.78,716.03 1038.81,713.52 1038.17,715.18 1033.08,713.84 1027.99,715.91 1021.20,713.90 1019.29,714.96 1007.45,709.72 1007.40,709.72"><title>Pioneer</title><desc>Pioneer | 125 | 1574.44 sq km</desc></polygon>
<polygon points="1034.99,718.45 1030.43,719.86 1024.38,718.11 1021.55,724.39 1027.99,730.17 1034.27,731.08 1036.90,733.37 1037.76,739.58 1044.35,740.34 1043.21,748.25 1046.07,753.86 1045.39,757.70 1050.52,759.51 1049.37,766.67 1054.48,769.34 1067.41,783.19 1065.11,773.31 1061.38,767.15 1061.90,761.72 1059.35,759.05 1059.49,755.62 1062.33,755.62 1059.80,749.19 1062.72,742.35 1060.19,745.20 1055.98,742.44 1057.14,739.77 1054.51,740.53 1053.43,738.69 1050.90,740.94 1048.77,738.79 1050.96,738.45 1050.95,735.67 1053.44,735.75 1049.50,733.34 1052.09,733.55 1050.95,725.98 1048.15,724.26 1044.32,727.61 1044.54,719.53 1035.20,718.47 1034.99,718.45"><title>Plane</title><desc>Plane | 126 | 2545.55 sq km</desc></polygon>
<polygon points="983.94,644.58 980.06,654.56 981.17,659.52 985.94,661.47 984.56,666.63 987.25,677.65 991.97,679.03 993.90,677.59 995.70,680.97 1005.66,681.49 1010.07,679.51 1011.63,681.37 1014.30,676.86 1012.75,673.89 1015.61,676.16 1018.79,673.88 1023.19,679.06 1027.90,679.55 1024.88,676.55 1026.63,675.83 1022.05,672.96 1022.20,667.96 1017.79,664.64 1019.72,663.43 1017.66,660.67 1012.17,663.42 1011.86,656.94 1010.37,659.45 1009.48,656.60 1008.96,659.67 1007.06,659.08 1008.28,656.99 1005.91,658.33 1006.90,656.28 1005.15,656.56 1004.69,650.05 1002.51,651.76 997.26,649.98 997.35,653.15 999.30,653.26 994.97,657.23 983.81,648.92 986.19,646.69 985.62,644.36 983.96,644.56 983.94,644.58"><title>Proserpine</title><desc>Proserpine | 122 | 2541.86 sq km</desc></polygon>
<polygon points="885.32,595.67 880.96,604.60 881.24,607.86 883.21,608.40 878.63,611.00 884.63,620.99 889.92,623.63 889.24,626.25 892.45,626.86 893.32,622.58 900.22,615.37 902.86,613.36 905.13,614.24 907.49,610.58 913.28,607.85 908.87,601.90 910.13,599.04 907.23,594.34 905.00,600.76 900.23,602.14 893.04,597.93 891.64,594.52 885.34,595.61 885.32,595.67"><title>Ross</title><desc>Ross | 118 | 1711.98 sq km</desc></polygon>
<polygon points="325.93,413.98 321.54,415.79 317.89,421.34 310.27,438.65 314.35,446.09 314.01,449.61 320.02,453.35 321.00,458.60 318.86,459.95 319.06,469.14 315.25,467.83 313.75,469.75 313.57,475.19 316.46,482.49 314.08,490.01 323.51,499.68 331.57,495.47 335.55,498.58 339.63,496.27 340.00,499.09 342.86,498.41 343.49,500.88 346.94,500.73 348.06,502.68 357.68,502.33 359.14,508.39 366.09,508.40 368.93,511.96 376.40,502.29 379.73,500.84 378.54,494.26 381.99,490.07 388.57,491.45 399.36,485.48 405.26,487.81 411.86,484.19 422.77,484.55 425.19,480.57 415.64,474.87 412.43,467.49 412.55,458.80 407.84,456.69 405.06,451.50 395.27,449.72 379.20,442.36 366.58,442.97 351.85,437.85 331.47,421.14 326.05,413.92 325.93,413.98"><title>Settlement</title><desc>Settlement | 910 | 17429.4 sq km</desc></polygon>
<polygon points="1083.60,796.39 1085.21,807.72 1088.81,809.35 1086.38,814.78 1087.98,817.26 1091.59,816.59 1092.44,820.19 1098.86,827.23 1108.50,834.11 1111.04,833.02 1112.56,827.83 1118.95,826.24 1117.55,824.38 1119.04,819.23 1124.62,821.71 1131.90,817.55 1126.98,810.42 1127.58,806.05 1120.67,802.98 1114.10,796.77 1106.36,794.45 1107.32,792.27 1098.95,780.13 1092.51,783.28 1089.90,789.95 1089.84,792.05 1091.76,792.48 1089.69,793.49 1097.95,813.14 1083.58,796.15 1083.60,796.39"><title>Shoalwater</title><desc>Shoalwater | 128 | 3614.35 sq km</desc></polygon>
<polygon points="1303.78,1133.63 1297.34,1136.41 1295.56,1149.43 1292.02,1154.02 1295.01,1163.61 1297.86,1166.12 1301.65,1164.18 1306.58,1165.22 1314.09,1159.43 1317.70,1160.67 1318.68,1159.66 1316.25,1159.50 1312.12,1153.99 1311.36,1145.50 1310.65,1148.13 1309.01,1142.36 1309.97,1136.24 1304.04,1133.51 1303.78,1133.63"><title>South Coast</title><desc>South Coast | 146 | 1306.02 sq km</desc></polygon>
<polygon points="632.10,404.77 629.32,403.16 617.43,406.93 610.04,404.30 605.08,407.49 590.73,409.66 578.43,407.20 570.50,411.68 565.82,412.17 562.84,410.23 555.38,412.70 550.19,410.82 546.55,419.63 546.79,426.22 560.26,431.73 579.53,443.62 580.19,448.57 587.49,455.00 589.57,459.78 593.09,460.64 595.08,470.58 602.54,481.49 615.13,488.16 622.54,496.61 641.74,496.57 654.67,493.01 655.61,490.85 666.80,492.33 669.75,489.18 678.50,491.61 687.64,498.38 691.51,495.73 694.36,497.32 697.37,495.50 700.38,498.12 706.19,498.54 709.43,503.35 711.88,503.20 709.19,493.00 701.47,488.56 699.82,485.41 695.84,484.63 694.19,478.98 690.88,477.73 684.01,469.29 683.47,457.54 674.46,430.96 667.29,424.77 653.25,420.36 654.24,413.73 651.35,412.13 651.55,409.09 636.71,405.35 634.61,403.06 632.10,404.76 632.10,404.77"><title>Staaten</title><desc>Staaten | 918 | 25843.36 sq km</desc></polygon>
<polygon points="676.22,253.40 673.91,256.38 674.77,260.48 666.06,270.41 669.84,274.29 671.78,281.29 676.93,281.91 680.31,292.24 686.52,291.09 697.38,293.98 702.54,291.55 698.50,280.45 697.29,268.96 694.19,266.78 688.47,253.75 683.47,255.68 681.30,252.69 676.22,253.38 676.22,253.40"><title>Stewart</title><desc>Stewart | 104 | 2752.91 sq km</desc></polygon>
<polygon points="1311.00,1132.81 1310.27,1132.61 1310.04,1133.14 1310.77,1133.22 1311.59,1132.78 1311.07,1132.84 1311.00,1132.81"><title>Stradbroke 1</title><desc>Stradbroke 1 | 144 | 1.46 sq km</desc></polygon>
<polygon points="1310.83,1132.75 1310.78,1132.63 1310.76,1132.64 1310.77,1132.67 1310.73,1132.72 1310.74,1132.74 1310.79,1132.77 1310.90,1132.78 1310.83,1132.75"><title>Stradbroke 2</title><desc>Stradbroke 2 | 144 | 0.02 sq km</desc></polygon>
<polygon points="1312.60,1131.08 1314.57,1122.33 1318.47,1113.93 1311.81,1111.25 1310.67,1116.17 1309.12,1117.83 1310.06,1118.80 1309.69,1125.10 1310.60,1126.99 1309.17,1128.30 1308.77,1131.12 1309.91,1133.00 1311.31,1132.86 1311.95,1131.71 1311.48,1132.60 1312.57,1132.55 1312.58,1131.46 1312.60,1131.08"><title>Stradbroke 3</title><desc>Stradbroke 3 | 144 | 269.93 sq km</desc></polygon>
<polygon points="1311.96,1133.98 1311.48,1134.02 1311.72,1135.15 1310.85,1137.47 1309.63,1139.10 1309.84,1140.56 1310.71,1141.61 1310.44,1144.47 1310.81,1145.35 1311.27,1145.34 1310.83,1144.20 1310.90,1141.70 1311.99,1134.03 1311.96,1133.98"><title>Stradbroke 4</title><desc>Stradbroke 4 | 144 | 20.26 sq km</desc></polygon>
<polygon points="1058.70,775.24 1059.19,777.15 1055.51,779.37 1056.90,788.00 1052.42,790.84 1052.09,793.36 1052.89,798.67 1056.71,801.46 1055.03,805.71 1055.98,813.52 1060.57,818.57 1058.25,820.51 1059.88,824.43 1065.00,823.67 1065.93,825.93 1072.55,827.81 1079.79,822.31 1080.03,820.02 1086.76,819.56 1088.57,817.71 1086.38,814.78 1088.81,809.35 1085.20,807.70 1083.58,796.15 1072.06,805.70 1076.43,800.73 1076.54,794.88 1075.26,793.44 1069.99,794.44 1073.66,794.08 1071.85,790.49 1066.50,791.55 1069.89,787.64 1066.07,781.14 1058.74,775.13 1058.70,775.24"><title>Styx</title><desc>Styx | 127 | 3019.67 sq km</desc></polygon>
<polygon points="604.68,54.92 603.88,53.66 602.80,55.22 599.17,56.76 598.75,61.74 600.99,64.42 602.71,64.78 605.07,61.67 607.02,61.00 608.32,61.98 608.79,60.19 604.71,54.97 604.68,54.92"><title>Torres Strait Islands</title><desc>Torres Strait Islands | 928 | 571.39 sq km</desc></polygon>
<polygon points="611.26,48.15 610.72,49.02 609.42,49.48 610.42,50.38 611.59,50.24 611.29,48.39 611.26,48.15"><title>Torres Strait Islands</title><desc>Torres Strait Islands | 928 | 571.39 sq km</desc></polygon>
<polygon points="602.65,20.00 598.72,20.60 596.90,23.40 599.99,27.55 601.81,27.69 603.36,25.62 602.73,20.01 602.65,20.00"><title>Torres Strait Islands</title><desc>Torres Strait Islands | 928 | 571.39 sq km</desc></polygon>
<polygon points="610.49,60.75 610.10,60.38 609.28,61.36 609.79,62.44 610.73,61.91 610.55,60.78 610.49,60.75"><title>Torres Strait Islands</title><desc>Torres Strait Islands | 928 | 571.39 sq km</desc></polygon>
<polygon points="610.38,52.34 607.81,52.67 606.40,54.55 608.27,56.70 611.06,55.97 612.11,54.84 610.91,52.25 610.45,52.28 610.38,52.34"><title>Torres Strait Islands</title><desc>Torres Strait Islands | 928 | 571.39 sq km</desc></polygon>
<polygon points="599.36,38.64 599.41,40.41 600.02,40.59 600.40,39.86 599.89,38.61 599.35,38.51 599.36,38.64"><title>Torres Strait Islands</title><desc>Torres Strait Islands | 928 | 571.39 sq km</desc></polygon>
<polygon points="605.84,62.59 606.47,62.50 607.08,61.26 605.68,61.80 605.89,62.51 605.84,62.59"><title>Torres Strait Islands</title><desc>Torres Strait Islands | 928 | 571.39 sq km</desc></polygon>
<polygon points="602.25,54.27 602.82,53.11 600.74,53.77 601.29,54.33 602.25,54.29 602.25,54.27"><title>Torres Strait Islands</title><desc>Torres Strait Islands | 928 | 571.39 sq km</desc></polygon>
<polygon points="604.87,52.58 604.50,52.67 604.73,53.33 605.86,52.93 606.17,52.55 605.66,52.09 604.96,52.58 604.87,52.58"><title>Torres Strait Islands</title><desc>Torres Strait Islands | 928 | 571.39 sq km</desc></polygon>
<polygon points="602.36,51.23 601.88,51.23 600.75,51.82 601.48,52.17 602.31,51.34 602.36,51.23"><title>Torres Strait Islands</title><desc>Torres Strait Islands | 928 | 571.39 sq km</desc></polygon>
<polygon points="608.71,23.78 605.38,24.38 603.10,28.27 605.09,31.22 606.98,31.10 609.23,32.60 612.97,27.88 612.03,24.87 608.88,23.91 608.71,23.78"><title>Torres Strait Islands</title><desc>Torres Strait Islands | 928 | 571.39 sq km</desc></polygon>
<polygon points="605.27,49.10 604.60,49.51 604.27,50.66 603.66,50.46 603.10,50.98 602.93,51.76 603.91,52.47 605.28,51.73 605.57,50.28 606.07,50.03 605.34,49.09 605.27,49.10"><title>Torres Strait Islands</title><desc>Torres Strait Islands | 928 | 571.39 sq km</desc></polygon>
<polygon points="817.28,495.99 815.16,496.16 813.56,500.92 815.38,506.52 812.99,513.23 821.49,521.77 821.03,525.34 825.01,526.54 831.89,520.18 845.71,523.13 847.57,518.80 849.72,518.47 850.88,510.80 848.85,510.16 845.09,514.33 842.89,510.36 833.03,507.92 831.30,504.01 825.30,501.91 824.92,504.26 821.21,502.39 821.86,499.56 817.33,495.97 817.28,495.99"><title>Tully</title><desc>Tully | 113 | 1688.83 sq km</desc></polygon>
<polygon points="962.30,947.94 958.17,943.97 952.71,943.53 942.72,950.24 938.26,949.44 936.72,952.97 926.52,952.46 920.92,959.93 917.07,960.17 914.83,957.83 913.01,960.48 906.34,962.97 898.24,952.00 900.00,948.84 898.74,946.17 902.62,941.82 897.67,934.55 895.08,938.08 892.91,937.14 888.16,942.97 882.36,945.92 883.51,948.45 881.73,951.22 877.63,951.29 875.17,960.92 858.30,958.11 851.08,960.36 847.50,954.59 838.01,954.17 834.67,958.73 830.46,958.78 822.43,965.19 817.65,975.59 810.66,974.58 814.07,980.83 810.63,985.96 812.34,989.52 809.77,993.59 806.39,996.04 800.85,993.82 795.25,995.89 795.01,999.69 790.31,1002.97 789.34,1014.39 784.29,1023.92 784.86,1029.32 789.88,1028.29 798.41,1033.38 800.03,1039.05 803.82,1042.90 808.15,1044.63 810.34,1043.58 816.72,1047.92 816.23,1051.41 819.27,1055.49 819.24,1059.79 815.96,1067.12 811.42,1071.25 811.20,1075.60 815.20,1082.05 818.41,1082.03 817.10,1088.56 819.44,1090.23 811.56,1101.73 809.73,1110.79 814.41,1117.74 820.83,1121.05 820.91,1123.08 826.18,1122.61 827.20,1127.90 820.52,1137.29 819.01,1142.66 824.99,1163.13 816.82,1185.71 816.38,1195.79 819.03,1210.78 814.67,1217.87 811.33,1230.38 811.39,1243.72 796.79,1253.29 791.55,1259.98 792.57,1267.31 790.72,1274.49 792.80,1279.47 799.87,1284.68 797.69,1286.94 797.77,1296.81 803.25,1299.09 814.46,1290.18 819.09,1283.59 812.31,1273.38 816.46,1268.89 814.75,1263.72 820.79,1260.39 820.31,1256.31 826.08,1254.19 837.16,1255.56 843.45,1247.46 846.27,1238.03 857.43,1234.91 863.85,1228.38 871.04,1229.41 872.85,1226.86 869.76,1220.95 858.82,1216.51 857.36,1212.54 851.75,1213.01 849.15,1207.09 855.35,1192.76 838.26,1175.52 834.62,1164.35 835.07,1147.33 829.23,1140.80 834.74,1121.68 837.66,1118.16 847.45,1114.21 846.37,1100.46 850.19,1095.91 855.28,1096.00 855.31,1092.42 861.51,1091.36 861.35,1086.57 870.53,1079.16 871.96,1074.26 869.45,1072.17 881.51,1069.18 888.49,1063.85 893.43,1063.02 899.86,1066.35 902.71,1061.61 904.22,1064.16 907.81,1064.89 910.71,1063.20 913.53,1056.03 917.67,1055.78 924.78,1050.56 926.30,1042.80 930.98,1040.32 930.54,1035.35 934.95,1032.06 935.11,1023.11 923.19,1017.71 921.65,1008.50 928.19,1005.60 930.71,998.00 935.58,995.64 937.34,984.51 952.96,973.17 953.69,970.44 951.44,966.50 953.07,962.64 966.36,953.61 962.31,947.96 962.30,947.94"><title>Warrego</title><desc>Warrego | 423 | 59379.64 sq km</desc></polygon>
<polygon points="1135.47,796.37 1134.05,793.73 1135.60,794.75 1135.80,793.44 1130.83,791.64 1128.58,797.09 1130.64,803.34 1136.19,805.53 1134.61,807.33 1130.85,804.40 1134.57,811.99 1127.64,806.13 1126.98,810.42 1133.71,821.30 1133.92,824.06 1131.58,825.68 1132.69,828.22 1139.33,832.58 1138.23,837.57 1141.30,841.30 1137.31,851.27 1139.98,855.37 1139.52,859.95 1143.96,865.54 1148.62,866.67 1150.14,864.95 1143.64,854.66 1147.48,850.70 1145.03,848.11 1145.16,844.89 1142.46,843.33 1144.17,832.48 1143.23,834.41 1143.84,830.89 1141.40,830.10 1145.53,830.52 1147.73,814.82 1144.19,812.13 1144.50,805.10 1142.67,804.75 1143.91,806.54 1141.64,811.04 1140.53,806.77 1137.92,807.88 1136.55,802.47 1140.76,804.45 1142.69,800.04 1138.83,798.90 1137.23,793.55 1137.17,800.34 1135.68,796.37 1135.47,796.37"><title>Waterpark</title><desc>Waterpark | 129 | 1840.4 sq km</desc></polygon>
<polygon points="616.68,202.16 613.15,203.07 612.36,201.27 605.23,205.18 597.81,203.11 590.53,208.95 582.18,205.69 581.95,201.66 577.74,199.37 571.33,198.19 566.32,202.09 565.18,205.02 567.44,207.70 568.18,215.17 572.39,221.59 569.71,226.48 575.10,224.06 571.53,226.79 574.95,229.23 574.69,235.63 584.39,244.89 589.07,246.09 592.92,242.82 602.16,225.49 607.01,223.71 610.34,224.93 613.47,221.50 620.60,219.66 624.80,215.33 627.82,209.17 616.77,202.20 616.68,202.16"><title>Watson</title><desc>Watson | 923 | 4696.95 sq km</desc></polygon>
<polygon points="583.27,142.52 581.84,153.72 585.60,165.41 590.08,169.24 601.22,169.84 600.90,171.74 612.27,174.82 616.77,202.20 621.47,206.49 628.04,209.85 631.81,208.26 642.86,211.00 645.32,218.53 651.50,221.83 655.87,219.24 660.24,220.50 662.57,217.48 667.27,219.27 675.14,213.90 673.07,213.75 670.38,208.28 660.17,207.94 655.61,203.54 651.90,204.12 652.03,198.70 647.54,192.42 649.82,191.41 649.60,186.09 653.58,182.12 650.24,180.32 647.51,175.13 647.05,171.77 649.96,169.90 647.41,167.73 640.61,168.40 633.46,154.67 629.61,156.42 621.16,155.46 618.98,162.02 617.26,159.98 612.91,161.47 610.71,159.28 602.18,158.47 600.38,156.35 594.34,157.17 589.03,144.88 587.05,147.54 588.27,151.41 587.07,150.39 584.35,141.37 585.76,139.39 584.10,139.20 583.27,142.52"><title>Wenlock</title><desc>Wenlock | 925 | 7554.3 sq km</desc></polygon>
<polygon points="1029.54,660.62 1030.08,661.22 1026.69,664.16 1027.71,663.83 1028.25,665.17 1029.64,663.95 1029.05,665.08 1029.84,664.98 1029.89,666.55 1031.38,666.12 1031.58,664.80 1033.70,666.08 1034.32,664.74 1035.14,665.34 1036.24,664.35 1033.85,661.87 1033.36,662.54 1033.89,660.64 1031.67,661.65 1032.12,659.06 1030.66,658.67 1030.79,655.94 1029.43,655.81 1029.45,658.87 1028.28,660.82 1029.59,660.48 1029.54,660.62"><title>Whitsunday Island</title><desc>Whitsunday Island | 123 | 108.09 sq km</desc></polygon>
</g>
</svg>